stateFIPS,State,countyFIPS,County,Year,Value,Data Comment
1,Alabama,1001,Autauga,2012-2016,26,
1,Alabama,1003,Baldwin,2012-2016,27,
1,Alabama,1005,Barbour,2012-2016,24,
1,Alabama,1007,Bibb,2012-2016,29,
1,Alabama,1009,Blount,2012-2016,35,
1,Alabama,1011,Bullock,2012-2016,26,
1,Alabama,1013,Butler,2012-2016,23,
1,Alabama,1015,Calhoun,2012-2016,25,
1,Alabama,1017,Chambers,2012-2016,25,
1,Alabama,1019,Cherokee,2012-2016,28,
1,Alabama,1021,Chilton,2012-2016,32,
1,Alabama,1023,Choctaw,2012-2016,32,
1,Alabama,1025,Clarke,2012-2016,25,
1,Alabama,1027,Clay,2012-2016,31,
1,Alabama,1029,Cleburne,2012-2016,34,
1,Alabama,1031,Coffee,2012-2016,21,
1,Alabama,1033,Colbert,2012-2016,24,
1,Alabama,1035,Conecuh,2012-2016,29,
1,Alabama,1037,Coosa,2012-2016,29,
1,Alabama,1039,Covington,2012-2016,26,
1,Alabama,1041,Crenshaw,2012-2016,28,
1,Alabama,1043,Cullman,2012-2016,27,
1,Alabama,1045,Dale,2012-2016,20,
1,Alabama,1047,Dallas,2012-2016,22,
1,Alabama,1049,DeKalb,2012-2016,23,
1,Alabama,1051,Elmore,2012-2016,29,
1,Alabama,1053,Escambia,2012-2016,23,
1,Alabama,1055,Etowah,2012-2016,24,
1,Alabama,1057,Fayette,2012-2016,29,
1,Alabama,1059,Franklin,2012-2016,29,
1,Alabama,1061,Geneva,2012-2016,27,
1,Alabama,1063,Greene,2012-2016,31,
1,Alabama,1065,Hale,2012-2016,29,
1,Alabama,1067,Henry,2012-2016,26,
1,Alabama,1069,Houston,2012-2016,22,
1,Alabama,1071,Jackson,2012-2016,25,
1,Alabama,1073,Jefferson,2012-2016,24,
1,Alabama,1075,Lamar,2012-2016,28,
1,Alabama,1077,Lauderdale,2012-2016,25,
1,Alabama,1079,Lawrence,2012-2016,28,
1,Alabama,1081,Lee,2012-2016,22,
1,Alabama,1083,Limestone,2012-2016,26,
1,Alabama,1085,Lowndes,2012-2016,30,
1,Alabama,1087,Macon,2012-2016,22,
1,Alabama,1089,Madison,2012-2016,21,
1,Alabama,1091,Marengo,2012-2016,25,
1,Alabama,1093,Marion,2012-2016,25,
1,Alabama,1095,Marshall,2012-2016,24,
1,Alabama,1097,Mobile,2012-2016,25,
1,Alabama,1099,Monroe,2012-2016,25,
1,Alabama,1101,Montgomery,2012-2016,20,
1,Alabama,1103,Morgan,2012-2016,24,
1,Alabama,1105,Perry,2012-2016,26,
1,Alabama,1107,Pickens,2012-2016,30,
1,Alabama,1109,Pike,2012-2016,20,
1,Alabama,1111,Randolph,2012-2016,27,
1,Alabama,1113,Russell,2012-2016,25,
1,Alabama,1117,Shelby,2012-2016,28,
1,Alabama,1115,St. Clair,2012-2016,30,
1,Alabama,1119,Sumter,2012-2016,24,
1,Alabama,1121,Talladega,2012-2016,25,
1,Alabama,1123,Tallapoosa,2012-2016,25,
1,Alabama,1125,Tuscaloosa,2012-2016,22,
1,Alabama,1127,Walker,2012-2016,30,
1,Alabama,1129,Washington,2012-2016,33,
1,Alabama,1131,Wilcox,2012-2016,24,
1,Alabama,1133,Winston,2012-2016,28,
2,Alaska,2013,Aleutians East,2012-2016,5,
2,Alaska,2016,Aleutians West,2012-2016,8,
2,Alaska,2020,Anchorage,2012-2016,19,
2,Alaska,2050,Bethel,2012-2016,7,
2,Alaska,2060,Bristol Bay,2012-2016,10,
2,Alaska,2068,Denali,2012-2016,17,
2,Alaska,2070,Dillingham,2012-2016,8,
2,Alaska,2090,Fairbanks North Star,2012-2016,19,
2,Alaska,2100,Haines,2012-2016,8,
2,Alaska,2105,HOONAH-ANGOON CENSUS AREA,2012-2016,9,
2,Alaska,2110,Juneau,2012-2016,16,
2,Alaska,2122,Kenai Peninsula,2012-2016,20,
2,Alaska,2130,Ketchikan Gateway,2012-2016,13,
2,Alaska,2150,Kodiak Island,2012-2016,11,
2,Alaska,2164,Lake and Peninsula,2012-2016,7,
2,Alaska,2170,Matanuska-Susitna,2012-2016,34,
2,Alaska,2180,Nome,2012-2016,7,
2,Alaska,2185,North Slope,2012-2016,7,
2,Alaska,2188,Northwest Arctic,2012-2016,7,
2,Alaska,2195,PETERSBURG CENSUS AREA,2012-2016,7,
2,Alaska,2198,PRINCE OF WALES-HYDER CENSUS AREA,2012-2016,14,
2,Alaska,2220,Sitka,2012-2016,11,
2,Alaska,2230,SKAGWAY MUNICIPALITY,2012-2016,6,
2,Alaska,2240,Southeast Fairbanks,2012-2016,13,
2,Alaska,2261,Valdez-Cordova,2012-2016,11,
2,Alaska,2270,Wade Hampton,2012-2016,6,
2,Alaska,2275,WRANGELL CITY AND BURROUGH,2012-2016,10,
2,Alaska,2282,Yakutat,2012-2016,7,
2,Alaska,2290,Yukon-Koyukuk,2012-2016,9,
4,Arizona,4001,Apache,2012-2016,28,
4,Arizona,4003,Cochise,2012-2016,20,
4,Arizona,4005,Coconino,2012-2016,18,
4,Arizona,4007,Gila,2012-2016,20,
4,Arizona,4009,Graham,2012-2016,22,
4,Arizona,4011,Greenlee,2012-2016,18,
4,Arizona,4012,La Paz,2012-2016,12,
4,Arizona,4013,Maricopa,2012-2016,26,
4,Arizona,4015,Mohave,2012-2016,20,
4,Arizona,4017,Navajo,2012-2016,22,
4,Arizona,4019,Pima,2012-2016,24,
4,Arizona,4021,Pinal,2012-2016,31,
4,Arizona,4023,Santa Cruz,2012-2016,23,
4,Arizona,4025,Yavapai,2012-2016,23,
4,Arizona,4027,Yuma,2012-2016,19,
5,Arkansas,5001,Arkansas,2012-2016,15,
5,Arkansas,5003,Ashley,2012-2016,19,
5,Arkansas,5005,Baxter,2012-2016,17,
5,Arkansas,5007,Benton,2012-2016,20,
5,Arkansas,5009,Boone,2012-2016,19,
5,Arkansas,5011,Bradley,2012-2016,24,
5,Arkansas,5013,Calhoun,2012-2016,26,
5,Arkansas,5015,Carroll,2012-2016,20,
5,Arkansas,5017,Chicot,2012-2016,20,
5,Arkansas,5019,Clark,2012-2016,22,
5,Arkansas,5021,Clay,2012-2016,22,
5,Arkansas,5023,Cleburne,2012-2016,26,
5,Arkansas,5025,Cleveland,2012-2016,29,
5,Arkansas,5027,Columbia,2012-2016,17,
5,Arkansas,5029,Conway,2012-2016,25,
5,Arkansas,5031,Craighead,2012-2016,18,
5,Arkansas,5033,Crawford,2012-2016,23,
5,Arkansas,5035,Crittenden,2012-2016,21,
5,Arkansas,5037,Cross,2012-2016,22,
5,Arkansas,5039,Dallas,2012-2016,26,
5,Arkansas,5041,Desha,2012-2016,19,
5,Arkansas,5043,Drew,2012-2016,22,
5,Arkansas,5045,Faulkner,2012-2016,24,
5,Arkansas,5047,Franklin,2012-2016,26,
5,Arkansas,5049,Fulton,2012-2016,24,
5,Arkansas,5051,Garland,2012-2016,21,
5,Arkansas,5053,Grant,2012-2016,30,
5,Arkansas,5055,Greene,2012-2016,20,
5,Arkansas,5057,Hempstead,2012-2016,21,
5,Arkansas,5059,Hot Spring,2012-2016,26,
5,Arkansas,5061,Howard,2012-2016,21,
5,Arkansas,5063,Independence,2012-2016,19,
5,Arkansas,5065,Izard,2012-2016,21,
5,Arkansas,5067,Jackson,2012-2016,20,
5,Arkansas,5069,Jefferson,2012-2016,21,
5,Arkansas,5071,Johnson,2012-2016,21,
5,Arkansas,5073,Lafayette,2012-2016,25,
5,Arkansas,5075,Lawrence,2012-2016,26,
5,Arkansas,5077,Lee,2012-2016,21,
5,Arkansas,5079,Lincoln,2012-2016,23,
5,Arkansas,5081,Little River,2012-2016,25,
5,Arkansas,5083,Logan,2012-2016,27,
5,Arkansas,5085,Lonoke,2012-2016,27,
5,Arkansas,5087,Madison,2012-2016,32,
5,Arkansas,5089,Marion,2012-2016,21,
5,Arkansas,5091,Miller,2012-2016,19,
5,Arkansas,5093,Mississippi,2012-2016,19,
5,Arkansas,5095,Monroe,2012-2016,22,
5,Arkansas,5097,Montgomery,2012-2016,29,
5,Arkansas,5099,Nevada,2012-2016,30,
5,Arkansas,5101,Newton,2012-2016,34,
5,Arkansas,5103,Ouachita,2012-2016,24,
5,Arkansas,5105,Perry,2012-2016,34,
5,Arkansas,5107,Phillips,2012-2016,19,
5,Arkansas,5109,Pike,2012-2016,27,
5,Arkansas,5111,Poinsett,2012-2016,24,
5,Arkansas,5113,Polk,2012-2016,23,
5,Arkansas,5115,Pope,2012-2016,18,
5,Arkansas,5117,Prairie,2012-2016,26,
5,Arkansas,5119,Pulaski,2012-2016,20,
5,Arkansas,5121,Randolph,2012-2016,29,
5,Arkansas,5125,Saline,2012-2016,26,
5,Arkansas,5127,Scott,2012-2016,21,
5,Arkansas,5129,Searcy,2012-2016,28,
5,Arkansas,5131,Sebastian,2012-2016,19,
5,Arkansas,5133,Sevier,2012-2016,24,
5,Arkansas,5135,Sharp,2012-2016,27,
5,Arkansas,5123,St. Francis,2012-2016,20,
5,Arkansas,5137,Stone,2012-2016,24,
5,Arkansas,5139,Union,2012-2016,19,
5,Arkansas,5141,Van Buren,2012-2016,27,
5,Arkansas,5143,Washington,2012-2016,22,
5,Arkansas,5145,White,2012-2016,24,
5,Arkansas,5147,Woodruff,2012-2016,18,
5,Arkansas,5149,Yell,2012-2016,21,
6,California,6001,Alameda,2012-2016,32,
6,California,6003,Alpine,2012-2016,22,
6,California,6005,Amador,2012-2016,31,
6,California,6007,Butte,2012-2016,20,
6,California,6009,Calaveras,2012-2016,35,
6,California,6011,Colusa,2012-2016,25,
6,California,6013,Contra Costa,2012-2016,36,
6,California,6015,Del Norte,2012-2016,14,
6,California,6017,El Dorado,2012-2016,29,
6,California,6019,Fresno,2012-2016,22,
6,California,6021,Glenn,2012-2016,23,
6,California,6023,Humboldt,2012-2016,18,
6,California,6025,Imperial,2012-2016,21,
6,California,6027,Inyo,2012-2016,17,
6,California,6029,Kern,2012-2016,24,
6,California,6031,Kings,2012-2016,21,
6,California,6033,Lake,2012-2016,29,
6,California,6035,Lassen,2012-2016,21,
6,California,6037,Los Angeles,2012-2016,30,
6,California,6039,Madera,2012-2016,26,
6,California,6041,Marin,2012-2016,31,
6,California,6043,Mariposa,2012-2016,33,
6,California,6045,Mendocino,2012-2016,19,
6,California,6047,Merced,2012-2016,27,
6,California,6049,Modoc,2012-2016,16,
6,California,6051,Mono,2012-2016,16,
6,California,6053,Monterey,2012-2016,23,
6,California,6055,Napa,2012-2016,24,
6,California,6057,Nevada,2012-2016,24,
6,California,6059,Orange,2012-2016,27,
6,California,6061,Placer,2012-2016,27,
6,California,6063,Plumas,2012-2016,24,
6,California,6065,Riverside,2012-2016,33,
6,California,6067,Sacramento,2012-2016,27,
6,California,6069,San Benito,2012-2016,33,
6,California,6071,San Bernardino,2012-2016,31,
6,California,6073,San Diego,2012-2016,25,
6,California,6075,San Francisco,2012-2016,32,
6,California,6077,San Joaquin,2012-2016,31,
6,California,6079,San Luis Obispo,2012-2016,22,
6,California,6081,San Mateo,2012-2016,28,
6,California,6083,Santa Barbara,2012-2016,19,
6,California,6085,Santa Clara,2012-2016,27,
6,California,6087,Santa Cruz,2012-2016,26,
6,California,6089,Shasta,2012-2016,20,
6,California,6091,Sierra,2012-2016,27,
6,California,6093,Siskiyou,2012-2016,19,
6,California,6095,Solano,2012-2016,31,
6,California,6097,Sonoma,2012-2016,25,
6,California,6099,Stanislaus,2012-2016,28,
6,California,6101,Sutter,2012-2016,26,
6,California,6103,Tehama,2012-2016,24,
6,California,6105,Trinity,2012-2016,19,
6,California,6107,Tulare,2012-2016,23,
6,California,6109,Tuolumne,2012-2016,27,
6,California,6111,Ventura,2012-2016,26,
6,California,6113,Yolo,2012-2016,22,
6,California,6115,Yuba,2012-2016,31,
8,Colorado,8001,Adams,2012-2016,29,
8,Colorado,8003,Alamosa,2012-2016,14,
8,Colorado,8005,Arapahoe,2012-2016,27,
8,Colorado,8007,Archuleta,2012-2016,19,
8,Colorado,8009,Baca,2012-2016,15,
8,Colorado,8011,Bent,2012-2016,20,
8,Colorado,8013,Boulder,2012-2016,22,
8,Colorado,8014,Broomfield,2012-2016,28,
8,Colorado,8015,Chaffee,2012-2016,17,
8,Colorado,8017,Cheyenne,2012-2016,13,
8,Colorado,8019,Clear Creek,2012-2016,30,
8,Colorado,8021,Conejos,2012-2016,22,
8,Colorado,8023,Costilla,2012-2016,19,
8,Colorado,8025,Crowley,2012-2016,21,
8,Colorado,8027,Custer,2012-2016,30,
8,Colorado,8029,Delta,2012-2016,24,
8,Colorado,8031,Denver,2012-2016,25,
8,Colorado,8033,Dolores,2012-2016,19,
8,Colorado,8035,Douglas,2012-2016,28,
8,Colorado,8037,Eagle,2012-2016,20,
8,Colorado,8041,El Paso,2012-2016,22,
8,Colorado,8039,Elbert,2012-2016,40,
8,Colorado,8043,Fremont,2012-2016,23,
8,Colorado,8045,Garfield,2012-2016,32,
8,Colorado,8047,Gilpin,2012-2016,35,
8,Colorado,8049,Grand,2012-2016,22,
8,Colorado,8051,Gunnison,2012-2016,14,
8,Colorado,8053,Hinsdale,2012-2016,12,
8,Colorado,8055,Huerfano,2012-2016,22,
8,Colorado,8057,Jackson,2012-2016,21,
8,Colorado,8059,Jefferson,2012-2016,27,
8,Colorado,8061,Kiowa,2012-2016,16,
8,Colorado,8063,Kit Carson,2012-2016,13,
8,Colorado,8067,La Plata,2012-2016,21,
8,Colorado,8065,Lake,2012-2016,26,
8,Colorado,8069,Larimer,2012-2016,22,
8,Colorado,8071,Las Animas,2012-2016,19,
8,Colorado,8073,Lincoln,2012-2016,18,
8,Colorado,8075,Logan,2012-2016,17,
8,Colorado,8077,Mesa,2012-2016,21,
8,Colorado,8079,Mineral,2012-2016,15,
8,Colorado,8081,Moffat,2012-2016,21,
8,Colorado,8083,Montezuma,2012-2016,22,
8,Colorado,8085,Montrose,2012-2016,19,
8,Colorado,8087,Morgan,2012-2016,17,
8,Colorado,8089,Otero,2012-2016,17,
8,Colorado,8091,Ouray,2012-2016,25,
8,Colorado,8093,Park,2012-2016,42,
8,Colorado,8095,Phillips,2012-2016,15,
8,Colorado,8097,Pitkin,2012-2016,18,
8,Colorado,8099,Prowers,2012-2016,14,
8,Colorado,8101,Pueblo,2012-2016,21,
8,Colorado,8103,Rio Blanco,2012-2016,17,
8,Colorado,8105,Rio Grande,2012-2016,18,
8,Colorado,8107,Routt,2012-2016,17,
8,Colorado,8109,Saguache,2012-2016,18,
8,Colorado,8111,San Juan,2012-2016,13,
8,Colorado,8113,San Miguel,2012-2016,19,
8,Colorado,8115,Sedgwick,2012-2016,21,
8,Colorado,8117,Summit,2012-2016,17,
8,Colorado,8119,Teller,2012-2016,31,
8,Colorado,8121,Washington,2012-2016,24,
8,Colorado,8123,Weld,2012-2016,27,
8,Colorado,8125,Yuma,2012-2016,16,
9,Connecticut,9001,Fairfield,2012-2016,30,
9,Connecticut,9003,Hartford,2012-2016,23,
9,Connecticut,9005,Litchfield,2012-2016,27,
9,Connecticut,9007,Middlesex,2012-2016,26,
9,Connecticut,9009,New Haven,2012-2016,25,
9,Connecticut,9011,New London,2012-2016,23,
9,Connecticut,9013,Tolland,2012-2016,26,
9,Connecticut,9015,Windham,2012-2016,26,
10,Delaware,10001,Kent,2012-2016,27,
10,Delaware,10003,New Castle,2012-2016,26,
10,Delaware,10005,Sussex,2012-2016,25,
11,District of Columbia,11001,District of Columbia,2012-2016,30,
12,Florida,12001,Alachua,2012-2016,21,
12,Florida,12003,Baker,2012-2016,30,
12,Florida,12005,Bay,2012-2016,23,
12,Florida,12007,Bradford,2012-2016,33,
12,Florida,12009,Brevard,2012-2016,24,
12,Florida,12011,Broward,2012-2016,28,
12,Florida,12013,Calhoun,2012-2016,28,
12,Florida,12015,Charlotte,2012-2016,24,
12,Florida,12017,Citrus,2012-2016,26,
12,Florida,12019,Clay,2012-2016,33,
12,Florida,12021,Collier,2012-2016,24,
12,Florida,12023,Columbia,2012-2016,24,
12,Florida,12027,DeSoto,2012-2016,25,
12,Florida,12029,Dixie,2012-2016,28,
12,Florida,12031,Duval,2012-2016,24,
12,Florida,12033,Escambia,2012-2016,22,
12,Florida,12035,Flagler,2012-2016,26,
12,Florida,12037,Franklin,2012-2016,20,
12,Florida,12039,Gadsden,2012-2016,29,
12,Florida,12041,Gilchrist,2012-2016,31,
12,Florida,12043,Glades,2012-2016,23,
12,Florida,12045,Gulf,2012-2016,22,
12,Florida,12047,Hamilton,2012-2016,20,
12,Florida,12049,Hardee,2012-2016,25,
12,Florida,12051,Hendry,2012-2016,29,
12,Florida,12053,Hernando,2012-2016,29,
12,Florida,12055,Highlands,2012-2016,20,
12,Florida,12057,Hillsborough,2012-2016,27,
12,Florida,12059,Holmes,2012-2016,29,
12,Florida,12061,Indian River,2012-2016,22,
12,Florida,12063,Jackson,2012-2016,22,
12,Florida,12065,Jefferson,2012-2016,29,
12,Florida,12067,Lafayette,2012-2016,25,
12,Florida,12069,Lake,2012-2016,28,
12,Florida,12071,Lee,2012-2016,27,
12,Florida,12073,Leon,2012-2016,21,
12,Florida,12075,Levy,2012-2016,30,
12,Florida,12077,Liberty,2012-2016,33,
12,Florida,12079,Madison,2012-2016,26,
12,Florida,12081,Manatee,2012-2016,25,
12,Florida,12083,Marion,2012-2016,25,
12,Florida,12085,Martin,2012-2016,26,
12,Florida,12086,Miami-Dade,2012-2016,31,
12,Florida,12087,Monroe,2012-2016,18,
12,Florida,12089,Nassau,2012-2016,29,
12,Florida,12091,Okaloosa,2012-2016,23,
12,Florida,12093,Okeechobee,2012-2016,25,
12,Florida,12095,Orange,2012-2016,27,
12,Florida,12097,Osceola,2012-2016,31,
12,Florida,12099,Palm Beach,2012-2016,25,
12,Florida,12101,Pasco,2012-2016,31,
12,Florida,12103,Pinellas,2012-2016,24,
12,Florida,12105,Polk,2012-2016,26,
12,Florida,12107,Putnam,2012-2016,28,
12,Florida,12113,Santa Rosa,2012-2016,28,
12,Florida,12115,Sarasota,2012-2016,23,
12,Florida,12117,Seminole,2012-2016,27,
12,Florida,12109,St. Johns,2012-2016,27,
12,Florida,12111,St. Lucie,2012-2016,28,
12,Florida,12119,Sumter,2012-2016,25,
12,Florida,12121,Suwannee,2012-2016,26,
12,Florida,12123,Taylor,2012-2016,22,
12,Florida,12125,Union,2012-2016,23,
12,Florida,12127,Volusia,2012-2016,25,
12,Florida,12129,Wakulla,2012-2016,33,
12,Florida,12131,Walton,2012-2016,28,
12,Florida,12133,Washington,2012-2016,31,
13,Georgia,13001,Appling,2012-2016,21,
13,Georgia,13003,Atkinson,2012-2016,23,
13,Georgia,13005,Bacon,2012-2016,19,
13,Georgia,13007,Baker,2012-2016,28,
13,Georgia,13009,Baldwin,2012-2016,21,
13,Georgia,13011,Banks,2012-2016,30,
13,Georgia,13013,Barrow,2012-2016,33,
13,Georgia,13015,Bartow,2012-2016,28,
13,Georgia,13017,Ben Hill,2012-2016,17,
13,Georgia,13019,Berrien,2012-2016,24,
13,Georgia,13021,Bibb,2012-2016,21,
13,Georgia,13023,Bleckley,2012-2016,25,
13,Georgia,13025,Brantley,2012-2016,30,
13,Georgia,13027,Brooks,2012-2016,24,
13,Georgia,13029,Bryan,2012-2016,29,
13,Georgia,13031,Bulloch,2012-2016,21,
13,Georgia,13033,Burke,2012-2016,27,
13,Georgia,13035,Butts,2012-2016,31,
13,Georgia,13037,Calhoun,2012-2016,22,
13,Georgia,13039,Camden,2012-2016,22,
13,Georgia,13043,Candler,2012-2016,24,
13,Georgia,13045,Carroll,2012-2016,28,
13,Georgia,13047,Catoosa,2012-2016,23,
13,Georgia,13049,Charlton,2012-2016,31,
13,Georgia,13051,Chatham,2012-2016,21,
13,Georgia,13053,Chattahoochee,2012-2016,15,
13,Georgia,13055,Chattooga,2012-2016,25,
13,Georgia,13057,Cherokee,2012-2016,34,
13,Georgia,13059,Clarke,2012-2016,20,
13,Georgia,13061,Clay,2012-2016,29,
13,Georgia,13063,Clayton,2012-2016,30,
13,Georgia,13065,Clinch,2012-2016,20,
13,Georgia,13067,Cobb,2012-2016,31,
13,Georgia,13069,Coffee,2012-2016,20,
13,Georgia,13071,Colquitt,2012-2016,22,
13,Georgia,13073,Columbia,2012-2016,25,
13,Georgia,13075,Cook,2012-2016,26,
13,Georgia,13077,Coweta,2012-2016,31,
13,Georgia,13079,Crawford,2012-2016,29,
13,Georgia,13081,Crisp,2012-2016,20,
13,Georgia,13083,Dade,2012-2016,27,
13,Georgia,13085,Dawson,2012-2016,34,
13,Georgia,13087,Decatur,2012-2016,24,
13,Georgia,13089,DeKalb,2012-2016,32,
13,Georgia,13091,Dodge,2012-2016,25,
13,Georgia,13093,Dooly,2012-2016,20,
13,Georgia,13095,Dougherty,2012-2016,18,
13,Georgia,13097,Douglas,2012-2016,32,
13,Georgia,13099,Early,2012-2016,24,
13,Georgia,13101,Echols,2012-2016,24,
13,Georgia,13103,Effingham,2012-2016,32,
13,Georgia,13105,Elbert,2012-2016,20,
13,Georgia,13107,Emanuel,2012-2016,27,
13,Georgia,13109,Evans,2012-2016,23,
13,Georgia,13111,Fannin,2012-2016,26,
13,Georgia,13113,Fayette,2012-2016,32,
13,Georgia,13115,Floyd,2012-2016,22,
13,Georgia,13117,Forsyth,2012-2016,32,
13,Georgia,13119,Franklin,2012-2016,26,
13,Georgia,13121,Fulton,2012-2016,28,
13,Georgia,13123,Gilmer,2012-2016,29,
13,Georgia,13125,Glascock,2012-2016,30,
13,Georgia,13127,Glynn,2012-2016,19,
13,Georgia,13129,Gordon,2012-2016,23,
13,Georgia,13131,Grady,2012-2016,24,
13,Georgia,13133,Greene,2012-2016,25,
13,Georgia,13135,Gwinnett,2012-2016,32,
13,Georgia,13137,Habersham,2012-2016,26,
13,Georgia,13139,Hall,2012-2016,26,
13,Georgia,13141,Hancock,2012-2016,27,
13,Georgia,13143,Haralson,2012-2016,32,
13,Georgia,13145,Harris,2012-2016,27,
13,Georgia,13147,Hart,2012-2016,22,
13,Georgia,13149,Heard,2012-2016,37,
13,Georgia,13151,Henry,2012-2016,33,
13,Georgia,13153,Houston,2012-2016,21,
13,Georgia,13155,Irwin,2012-2016,21,
13,Georgia,13157,Jackson,2012-2016,31,
13,Georgia,13159,Jasper,2012-2016,34,
13,Georgia,13161,Jeff Davis,2012-2016,21,
13,Georgia,13163,Jefferson,2012-2016,25,
13,Georgia,13165,Jenkins,2012-2016,23,
13,Georgia,13167,Johnson,2012-2016,25,
13,Georgia,13169,Jones,2012-2016,27,
13,Georgia,13171,Lamar,2012-2016,31,
13,Georgia,13173,Lanier,2012-2016,26,
13,Georgia,13175,Laurens,2012-2016,23,
13,Georgia,13177,Lee,2012-2016,21,
13,Georgia,13179,Liberty,2012-2016,21,
13,Georgia,13181,Lincoln,2012-2016,31,
13,Georgia,13183,Long,2012-2016,29,
13,Georgia,13185,Lowndes,2012-2016,19,
13,Georgia,13187,Lumpkin,2012-2016,29,
13,Georgia,13193,Macon,2012-2016,25,
13,Georgia,13195,Madison,2012-2016,26,
13,Georgia,13197,Marion,2012-2016,32,
13,Georgia,13189,McDuffie,2012-2016,27,
13,Georgia,13191,McIntosh,2012-2016,27,
13,Georgia,13199,Meriwether,2012-2016,32,
13,Georgia,13201,Miller,2012-2016,24,
13,Georgia,13205,Mitchell,2012-2016,23,
13,Georgia,13207,Monroe,2012-2016,26,
13,Georgia,13209,Montgomery,2012-2016,21,
13,Georgia,13211,Morgan,2012-2016,26,
13,Georgia,13213,Murray,2012-2016,26,
13,Georgia,13215,Muscogee,2012-2016,20,
13,Georgia,13217,Newton,2012-2016,31,
13,Georgia,13219,Oconee,2012-2016,24,
13,Georgia,13221,Oglethorpe,2012-2016,29,
13,Georgia,13223,Paulding,2012-2016,38,
13,Georgia,13225,Peach,2012-2016,22,
13,Georgia,13227,Pickens,2012-2016,32,
13,Georgia,13229,Pierce,2012-2016,28,
13,Georgia,13231,Pike,2012-2016,34,
13,Georgia,13233,Polk,2012-2016,27,
13,Georgia,13235,Pulaski,2012-2016,22,
13,Georgia,13237,Putnam,2012-2016,25,
13,Georgia,13239,Quitman,2012-2016,21,
13,Georgia,13241,Rabun,2012-2016,22,
13,Georgia,13243,Randolph,2012-2016,19,
13,Georgia,13245,Richmond,2012-2016,20,
13,Georgia,13247,Rockdale,2012-2016,31,
13,Georgia,13249,Schley,2012-2016,26,
13,Georgia,13251,Screven,2012-2016,31,
13,Georgia,13253,Seminole,2012-2016,23,
13,Georgia,13255,Spalding,2012-2016,29,
13,Georgia,13257,Stephens,2012-2016,21,
13,Georgia,13259,Stewart,2012-2016,28,
13,Georgia,13261,Sumter,2012-2016,20,
13,Georgia,13263,Talbot,2012-2016,34,
13,Georgia,13265,Taliaferro,2012-2016,32,
13,Georgia,13267,Tattnall,2012-2016,26,
13,Georgia,13269,Taylor,2012-2016,30,
13,Georgia,13271,Telfair,2012-2016,23,
13,Georgia,13273,Terrell,2012-2016,26,
13,Georgia,13275,Thomas,2012-2016,21,
13,Georgia,13277,Tift,2012-2016,20,
13,Georgia,13279,Toombs,2012-2016,20,
13,Georgia,13281,Towns,2012-2016,19,
13,Georgia,13283,Treutlen,2012-2016,27,
13,Georgia,13285,Troup,2012-2016,22,
13,Georgia,13287,Turner,2012-2016,23,
13,Georgia,13289,Twiggs,2012-2016,31,
13,Georgia,13291,Union,2012-2016,23,
13,Georgia,13293,Upson,2012-2016,23,
13,Georgia,13295,Walker,2012-2016,28,
13,Georgia,13297,Walton,2012-2016,32,
13,Georgia,13299,Ware,2012-2016,19,
13,Georgia,13301,Warren,2012-2016,27,
13,Georgia,13303,Washington,2012-2016,21,
13,Georgia,13305,Wayne,2012-2016,23,
13,Georgia,13307,Webster,2012-2016,26,
13,Georgia,13309,Wheeler,2012-2016,23,
13,Georgia,13311,White,2012-2016,27,
13,Georgia,13313,Whitfield,2012-2016,21,
13,Georgia,13315,Wilcox,2012-2016,29,
13,Georgia,13317,Wilkes,2012-2016,27,
13,Georgia,13319,Wilkinson,2012-2016,26,
13,Georgia,13321,Worth,2012-2016,28,
15,Hawaii,15001,Hawaii,2012-2016,26,
15,Hawaii,15003,Honolulu,2012-2016,29,
15,Hawaii,15005,Kalawao,2012-2016,5,
15,Hawaii,15007,Kauai,2012-2016,23,
15,Hawaii,15009,Maui,2012-2016,21,
16,Idaho,16001,Ada,2012-2016,20,
16,Idaho,16003,Adams,2012-2016,24,
16,Idaho,16005,Bannock,2012-2016,18,
16,Idaho,16007,Bear Lake,2012-2016,21,
16,Idaho,16009,Benewah,2012-2016,21,
16,Idaho,16011,Bingham,2012-2016,22,
16,Idaho,16013,Blaine,2012-2016,18,
16,Idaho,16015,Boise,2012-2016,39,
16,Idaho,16017,Bonner,2012-2016,25,
16,Idaho,16019,Bonneville,2012-2016,19,
16,Idaho,16021,Boundary,2012-2016,22,
16,Idaho,16023,Butte,2012-2016,22,
16,Idaho,16025,Camas,2012-2016,29,
16,Idaho,16027,Canyon,2012-2016,24,
16,Idaho,16029,Caribou,2012-2016,17,
16,Idaho,16031,Cassia,2012-2016,15,
16,Idaho,16033,Clark,2012-2016,16,
16,Idaho,16035,Clearwater,2012-2016,31,
16,Idaho,16037,Custer,2012-2016,18,
16,Idaho,16039,Elmore,2012-2016,17,
16,Idaho,16041,Franklin,2012-2016,24,
16,Idaho,16043,Fremont,2012-2016,25,
16,Idaho,16045,Gem,2012-2016,28,
16,Idaho,16047,Gooding,2012-2016,20,
16,Idaho,16049,Idaho,2012-2016,18,
16,Idaho,16051,Jefferson,2012-2016,25,
16,Idaho,16053,Jerome,2012-2016,17,
16,Idaho,16055,Kootenai,2012-2016,21,
16,Idaho,16057,Latah,2012-2016,18,
16,Idaho,16059,Lemhi,2012-2016,18,
16,Idaho,16061,Lewis,2012-2016,22,
16,Idaho,16063,Lincoln,2012-2016,30,
16,Idaho,16065,Madison,2012-2016,15,
16,Idaho,16067,Minidoka,2012-2016,17,
16,Idaho,16069,Nez Perce,2012-2016,16,
16,Idaho,16071,Oneida,2012-2016,24,
16,Idaho,16073,Owyhee,2012-2016,25,
16,Idaho,16075,Payette,2012-2016,18,
16,Idaho,16077,Power,2012-2016,17,
16,Idaho,16079,Shoshone,2012-2016,18,
16,Idaho,16081,Teton,2012-2016,27,
16,Idaho,16083,Twin Falls,2012-2016,17,
16,Idaho,16085,Valley,2012-2016,17,
16,Idaho,16087,Washington,2012-2016,22,
17,Illinois,17001,Adams,2012-2016,16,
17,Illinois,17003,Alexander,2012-2016,27,
17,Illinois,17005,Bond,2012-2016,24,
17,Illinois,17007,Boone,2012-2016,28,
17,Illinois,17009,Brown,2012-2016,17,
17,Illinois,17011,Bureau,2012-2016,21,
17,Illinois,17013,Calhoun,2012-2016,41,
17,Illinois,17015,Carroll,2012-2016,24,
17,Illinois,17017,Cass,2012-2016,21,
17,Illinois,17019,Champaign,2012-2016,18,
17,Illinois,17021,Christian,2012-2016,25,
17,Illinois,17023,Clark,2012-2016,22,
17,Illinois,17025,Clay,2012-2016,20,
17,Illinois,17027,Clinton,2012-2016,25,
17,Illinois,17029,Coles,2012-2016,16,
17,Illinois,17031,Cook,2012-2016,33,
17,Illinois,17033,Crawford,2012-2016,16,
17,Illinois,17035,Cumberland,2012-2016,23,
17,Illinois,17039,De Witt,2012-2016,22,
17,Illinois,17037,DeKalb,2012-2016,26,
17,Illinois,17041,Douglas,2012-2016,21,
17,Illinois,17043,DuPage,2012-2016,29,
17,Illinois,17045,Edgar,2012-2016,21,
17,Illinois,17047,Edwards,2012-2016,21,
17,Illinois,17049,Effingham,2012-2016,18,
17,Illinois,17051,Fayette,2012-2016,22,
17,Illinois,17053,Ford,2012-2016,21,
17,Illinois,17055,Franklin,2012-2016,25,
17,Illinois,17057,Fulton,2012-2016,25,
17,Illinois,17059,Gallatin,2012-2016,25,
17,Illinois,17061,Greene,2012-2016,27,
17,Illinois,17063,Grundy,2012-2016,28,
17,Illinois,17065,Hamilton,2012-2016,30,
17,Illinois,17067,Hancock,2012-2016,24,
17,Illinois,17069,Hardin,2012-2016,25,
17,Illinois,17071,Henderson,2012-2016,25,
17,Illinois,17073,Henry,2012-2016,23,
17,Illinois,17075,Iroquois,2012-2016,23,
17,Illinois,17077,Jackson,2012-2016,19,
17,Illinois,17079,Jasper,2012-2016,23,
17,Illinois,17081,Jefferson,2012-2016,20,
17,Illinois,17083,Jersey,2012-2016,29,
17,Illinois,17085,Jo Daviess,2012-2016,21,
17,Illinois,17087,Johnson,2012-2016,26,
17,Illinois,17089,Kane,2012-2016,29,
17,Illinois,17091,Kankakee,2012-2016,24,
17,Illinois,17093,Kendall,2012-2016,33,
17,Illinois,17095,Knox,2012-2016,18,
17,Illinois,17099,La Salle,2012-2016,22,
17,Illinois,17097,Lake,2012-2016,30,
17,Illinois,17101,Lawrence,2012-2016,18,
17,Illinois,17103,Lee,2012-2016,22,
17,Illinois,17105,Livingston,2012-2016,20,
17,Illinois,17107,Logan,2012-2016,20,
17,Illinois,17115,Macon,2012-2016,18,
17,Illinois,17117,Macoupin,2012-2016,28,
17,Illinois,17119,Madison,2012-2016,25,
17,Illinois,17121,Marion,2012-2016,21,
17,Illinois,17123,Marshall,2012-2016,26,
17,Illinois,17125,Mason,2012-2016,26,
17,Illinois,17127,Massac,2012-2016,20,
17,Illinois,17109,McDonough,2012-2016,15,
17,Illinois,17111,McHenry,2012-2016,34,
17,Illinois,17113,McLean,2012-2016,18,
17,Illinois,17129,Menard,2012-2016,27,
17,Illinois,17131,Mercer,2012-2016,26,
17,Illinois,17133,Monroe,2012-2016,30,
17,Illinois,17135,Montgomery,2012-2016,24,
17,Illinois,17137,Morgan,2012-2016,20,
17,Illinois,17139,Moultrie,2012-2016,22,
17,Illinois,17141,Ogle,2012-2016,26,
17,Illinois,17143,Peoria,2012-2016,19,
17,Illinois,17145,Perry,2012-2016,26,
17,Illinois,17147,Piatt,2012-2016,24,
17,Illinois,17149,Pike,2012-2016,25,
17,Illinois,17151,Pope,2012-2016,33,
17,Illinois,17153,Pulaski,2012-2016,27,
17,Illinois,17155,Putnam,2012-2016,24,
17,Illinois,17157,Randolph,2012-2016,24,
17,Illinois,17159,Richland,2012-2016,18,
17,Illinois,17161,Rock Island,2012-2016,19,
17,Illinois,17165,Saline,2012-2016,23,
17,Illinois,17167,Sangamon,2012-2016,19,
17,Illinois,17169,Schuyler,2012-2016,25,
17,Illinois,17171,Scott,2012-2016,25,
17,Illinois,17173,Shelby,2012-2016,23,
17,Illinois,17163,St. Clair,2012-2016,25,
17,Illinois,17175,Stark,2012-2016,25,
17,Illinois,17177,Stephenson,2012-2016,21,
17,Illinois,17179,Tazewell,2012-2016,21,
17,Illinois,17181,Union,2012-2016,25,
17,Illinois,17183,Vermilion,2012-2016,20,
17,Illinois,17185,Wabash,2012-2016,21,
17,Illinois,17187,Warren,2012-2016,19,
17,Illinois,17189,Washington,2012-2016,24,
17,Illinois,17191,Wayne,2012-2016,23,
17,Illinois,17193,White,2012-2016,25,
17,Illinois,17195,Whiteside,2012-2016,19,
17,Illinois,17197,Will,2012-2016,33,
17,Illinois,17199,Williamson,2012-2016,21,
17,Illinois,17201,Winnebago,2012-2016,22,
17,Illinois,17203,Woodford,2012-2016,23,
18,Indiana,18001,Adams,2012-2016,22,
18,Indiana,18003,Allen,2012-2016,21,
18,Indiana,18005,Bartholomew,2012-2016,19,
18,Indiana,18007,Benton,2012-2016,26,
18,Indiana,18009,Blackford,2012-2016,24,
18,Indiana,18011,Boone,2012-2016,25,
18,Indiana,18013,Brown,2012-2016,33,
18,Indiana,18015,Carroll,2012-2016,27,
18,Indiana,18017,Cass,2012-2016,20,
18,Indiana,18019,Clark,2012-2016,24,
18,Indiana,18021,Clay,2012-2016,26,
18,Indiana,18023,Clinton,2012-2016,23,
18,Indiana,18025,Crawford,2012-2016,33,
18,Indiana,18027,Daviess,2012-2016,25,
18,Indiana,18029,Dearborn,2012-2016,29,
18,Indiana,18031,Decatur,2012-2016,21,
18,Indiana,18033,DeKalb,2012-2016,21,
18,Indiana,18035,Delaware,2012-2016,21,
18,Indiana,18037,Dubois,2012-2016,20,
18,Indiana,18039,Elkhart,2012-2016,20,
18,Indiana,18041,Fayette,2012-2016,26,
18,Indiana,18043,Floyd,2012-2016,23,
18,Indiana,18045,Fountain,2012-2016,26,
18,Indiana,18047,Franklin,2012-2016,30,
18,Indiana,18049,Fulton,2012-2016,24,
18,Indiana,18051,Gibson,2012-2016,21,
18,Indiana,18053,Grant,2012-2016,18,
18,Indiana,18055,Greene,2012-2016,28,
18,Indiana,18057,Hamilton,2012-2016,26,
18,Indiana,18059,Hancock,2012-2016,26,
18,Indiana,18061,Harrison,2012-2016,29,
18,Indiana,18063,Hendricks,2012-2016,26,
18,Indiana,18065,Henry,2012-2016,27,
18,Indiana,18067,Howard,2012-2016,20,
18,Indiana,18069,Huntington,2012-2016,20,
18,Indiana,18071,Jackson,2012-2016,20,
18,Indiana,18073,Jasper,2012-2016,27,
18,Indiana,18075,Jay,2012-2016,20,
18,Indiana,18077,Jefferson,2012-2016,24,
18,Indiana,18079,Jennings,2012-2016,26,
18,Indiana,18081,Johnson,2012-2016,26,
18,Indiana,18083,Knox,2012-2016,19,
18,Indiana,18085,Kosciusko,2012-2016,20,
18,Indiana,18087,LaGrange,2012-2016,23,
18,Indiana,18089,Lake,2012-2016,28,
18,Indiana,18091,LaPorte,2012-2016,23,
18,Indiana,18093,Lawrence,2012-2016,25,
18,Indiana,18095,Madison,2012-2016,26,
18,Indiana,18097,Marion,2012-2016,23,
18,Indiana,18099,Marshall,2012-2016,22,
18,Indiana,18101,Martin,2012-2016,27,
18,Indiana,18103,Miami,2012-2016,24,
18,Indiana,18105,Monroe,2012-2016,19,
18,Indiana,18107,Montgomery,2012-2016,22,
18,Indiana,18109,Morgan,2012-2016,29,
18,Indiana,18111,Newton,2012-2016,33,
18,Indiana,18113,Noble,2012-2016,22,
18,Indiana,18115,Ohio,2012-2016,31,
18,Indiana,18117,Orange,2012-2016,27,
18,Indiana,18119,Owen,2012-2016,30,
18,Indiana,18121,Parke,2012-2016,26,
18,Indiana,18123,Perry,2012-2016,23,
18,Indiana,18125,Pike,2012-2016,25,
18,Indiana,18127,Porter,2012-2016,27,
18,Indiana,18129,Posey,2012-2016,23,
18,Indiana,18131,Pulaski,2012-2016,21,
18,Indiana,18133,Putnam,2012-2016,26,
18,Indiana,18135,Randolph,2012-2016,24,
18,Indiana,18137,Ripley,2012-2016,27,
18,Indiana,18139,Rush,2012-2016,27,
18,Indiana,18143,Scott,2012-2016,24,
18,Indiana,18145,Shelby,2012-2016,24,
18,Indiana,18147,Spencer,2012-2016,27,
18,Indiana,18141,St. Joseph,2012-2016,21,
18,Indiana,18149,Starke,2012-2016,30,
18,Indiana,18151,Steuben,2012-2016,22,
18,Indiana,18153,Sullivan,2012-2016,23,
18,Indiana,18155,Switzerland,2012-2016,35,
18,Indiana,18157,Tippecanoe,2012-2016,18,
18,Indiana,18159,Tipton,2012-2016,24,
18,Indiana,18161,Union,2012-2016,25,
18,Indiana,18163,Vanderburgh,2012-2016,20,
18,Indiana,18165,Vermillion,2012-2016,24,
18,Indiana,18167,Vigo,2012-2016,20,
18,Indiana,18169,Wabash,2012-2016,19,
18,Indiana,18171,Warren,2012-2016,26,
18,Indiana,18173,Warrick,2012-2016,23,
18,Indiana,18175,Washington,2012-2016,32,
18,Indiana,18177,Wayne,2012-2016,20,
18,Indiana,18179,Wells,2012-2016,21,
18,Indiana,18181,White,2012-2016,25,
18,Indiana,18183,Whitley,2012-2016,24,
19,Iowa,19001,Adair,2012-2016,22,
19,Iowa,19003,Adams,2012-2016,21,
19,Iowa,19005,Allamakee,2012-2016,24,
19,Iowa,19007,Appanoose,2012-2016,20,
19,Iowa,19009,Audubon,2012-2016,18,
19,Iowa,19011,Benton,2012-2016,24,
19,Iowa,19013,Black Hawk,2012-2016,16,
19,Iowa,19015,Boone,2012-2016,21,
19,Iowa,19017,Bremer,2012-2016,19,
19,Iowa,19019,Buchanan,2012-2016,21,
19,Iowa,19021,Buena Vista,2012-2016,14,
19,Iowa,19023,Butler,2012-2016,24,
19,Iowa,19025,Calhoun,2012-2016,21,
19,Iowa,19027,Carroll,2012-2016,14,
19,Iowa,19029,Cass,2012-2016,19,
19,Iowa,19031,Cedar,2012-2016,26,
19,Iowa,19033,Cerro Gordo,2012-2016,16,
19,Iowa,19035,Cherokee,2012-2016,16,
19,Iowa,19037,Chickasaw,2012-2016,20,
19,Iowa,19039,Clarke,2012-2016,23,
19,Iowa,19041,Clay,2012-2016,15,
19,Iowa,19043,Clayton,2012-2016,21,
19,Iowa,19045,Clinton,2012-2016,20,
19,Iowa,19047,Crawford,2012-2016,16,
19,Iowa,19049,Dallas,2012-2016,21,
19,Iowa,19051,Davis,2012-2016,23,
19,Iowa,19053,Decatur,2012-2016,22,
19,Iowa,19055,Delaware,2012-2016,22,
19,Iowa,19057,Des Moines,2012-2016,16,
19,Iowa,19059,Dickinson,2012-2016,16,
19,Iowa,19061,Dubuque,2012-2016,17,
19,Iowa,19063,Emmet,2012-2016,18,
19,Iowa,19065,Fayette,2012-2016,19,
19,Iowa,19067,Floyd,2012-2016,19,
19,Iowa,19069,Franklin,2012-2016,17,
19,Iowa,19071,Fremont,2012-2016,25,
19,Iowa,19073,Greene,2012-2016,19,
19,Iowa,19075,Grundy,2012-2016,21,
19,Iowa,19077,Guthrie,2012-2016,26,
19,Iowa,19079,Hamilton,2012-2016,18,
19,Iowa,19081,Hancock,2012-2016,19,
19,Iowa,19083,Hardin,2012-2016,17,
19,Iowa,19085,Harrison,2012-2016,26,
19,Iowa,19087,Henry,2012-2016,20,
19,Iowa,19089,Howard,2012-2016,18,
19,Iowa,19091,Humboldt,2012-2016,18,
19,Iowa,19093,Ida,2012-2016,16,
19,Iowa,19095,Iowa,2012-2016,21,
19,Iowa,19097,Jackson,2012-2016,23,
19,Iowa,19099,Jasper,2012-2016,23,
19,Iowa,19101,Jefferson,2012-2016,15,
19,Iowa,19103,Johnson,2012-2016,19,
19,Iowa,19105,Jones,2012-2016,25,
19,Iowa,19107,Keokuk,2012-2016,23,
19,Iowa,19109,Kossuth,2012-2016,15,
19,Iowa,19111,Lee,2012-2016,18,
19,Iowa,19113,Linn,2012-2016,19,
19,Iowa,19115,Louisa,2012-2016,23,
19,Iowa,19117,Lucas,2012-2016,20,
19,Iowa,19119,Lyon,2012-2016,17,
19,Iowa,19121,Madison,2012-2016,27,
19,Iowa,19123,Mahaska,2012-2016,19,
19,Iowa,19125,Marion,2012-2016,20,
19,Iowa,19127,Marshall,2012-2016,18,
19,Iowa,19129,Mills,2012-2016,24,
19,Iowa,19131,Mitchell,2012-2016,17,
19,Iowa,19133,Monona,2012-2016,22,
19,Iowa,19135,Monroe,2012-2016,22,
19,Iowa,19137,Montgomery,2012-2016,20,
19,Iowa,19139,Muscatine,2012-2016,17,
19,Iowa,19141,O'Brien,2012-2016,16,
19,Iowa,19143,Osceola,2012-2016,18,
19,Iowa,19145,Page,2012-2016,14,
19,Iowa,19147,Palo Alto,2012-2016,15,
19,Iowa,19149,Plymouth,2012-2016,18,
19,Iowa,19151,Pocahontas,2012-2016,17,
19,Iowa,19153,Polk,2012-2016,19,
19,Iowa,19155,Pottawattamie,2012-2016,20,
19,Iowa,19157,Poweshiek,2012-2016,17,
19,Iowa,19159,Ringgold,2012-2016,19,
19,Iowa,19161,Sac,2012-2016,17,
19,Iowa,19163,Scott,2012-2016,19,
19,Iowa,19165,Shelby,2012-2016,19,
19,Iowa,19167,Sioux,2012-2016,13,
19,Iowa,19169,Story,2012-2016,18,
19,Iowa,19171,Tama,2012-2016,22,
19,Iowa,19173,Taylor,2012-2016,22,
19,Iowa,19175,Union,2012-2016,17,
19,Iowa,19177,Van Buren,2012-2016,23,
19,Iowa,19179,Wapello,2012-2016,19,
19,Iowa,19181,Warren,2012-2016,24,
19,Iowa,19183,Washington,2012-2016,21,
19,Iowa,19185,Wayne,2012-2016,23,
19,Iowa,19187,Webster,2012-2016,16,
19,Iowa,19189,Winnebago,2012-2016,17,
19,Iowa,19191,Winneshiek,2012-2016,17,
19,Iowa,19193,Woodbury,2012-2016,18,
19,Iowa,19195,Worth,2012-2016,20,
19,Iowa,19197,Wright,2012-2016,16,
20,Kansas,20001,Allen,2012-2016,18,
20,Kansas,20003,Anderson,2012-2016,26,
20,Kansas,20005,Atchison,2012-2016,21,
20,Kansas,20007,Barber,2012-2016,15,
20,Kansas,20009,Barton,2012-2016,18,
20,Kansas,20011,Bourbon,2012-2016,18,
20,Kansas,20013,Brown,2012-2016,18,
20,Kansas,20015,Butler,2012-2016,23,
20,Kansas,20017,Chase,2012-2016,21,
20,Kansas,20019,Chautauqua,2012-2016,21,
20,Kansas,20021,Cherokee,2012-2016,20,
20,Kansas,20023,Cheyenne,2012-2016,13,
20,Kansas,20025,Clark,2012-2016,16,
20,Kansas,20027,Clay,2012-2016,19,
20,Kansas,20029,Cloud,2012-2016,17,
20,Kansas,20031,Coffey,2012-2016,20,
20,Kansas,20033,Comanche,2012-2016,14,
20,Kansas,20035,Cowley,2012-2016,18,
20,Kansas,20037,Crawford,2012-2016,16,
20,Kansas,20039,Decatur,2012-2016,15,
20,Kansas,20041,Dickinson,2012-2016,22,
20,Kansas,20043,Doniphan,2012-2016,19,
20,Kansas,20045,Douglas,2012-2016,20,
20,Kansas,20047,Edwards,2012-2016,19,
20,Kansas,20049,Elk,2012-2016,26,
20,Kansas,20051,Ellis,2012-2016,13,
20,Kansas,20053,Ellsworth,2012-2016,16,
20,Kansas,20055,Finney,2012-2016,15,
20,Kansas,20057,Ford,2012-2016,14,
20,Kansas,20059,Franklin,2012-2016,25,
20,Kansas,20061,Geary,2012-2016,16,
20,Kansas,20063,Gove,2012-2016,12,
20,Kansas,20065,Graham,2012-2016,14,
20,Kansas,20067,Grant,2012-2016,16,
20,Kansas,20069,Gray,2012-2016,16,
20,Kansas,20071,Greeley,2012-2016,13,
20,Kansas,20073,Greenwood,2012-2016,24,
20,Kansas,20075,Hamilton,2012-2016,13,
20,Kansas,20077,Harper,2012-2016,16,
20,Kansas,20079,Harvey,2012-2016,19,
20,Kansas,20081,Haskell,2012-2016,14,
20,Kansas,20083,Hodgeman,2012-2016,17,
20,Kansas,20085,Jackson,2012-2016,24,
20,Kansas,20087,Jefferson,2012-2016,30,
20,Kansas,20089,Jewell,2012-2016,19,
20,Kansas,20091,Johnson,2012-2016,21,
20,Kansas,20093,Kearny,2012-2016,16,
20,Kansas,20095,Kingman,2012-2016,23,
20,Kansas,20097,Kiowa,2012-2016,13,
20,Kansas,20099,Labette,2012-2016,16,
20,Kansas,20101,Lane,2012-2016,15,
20,Kansas,20103,Leavenworth,2012-2016,22,
20,Kansas,20105,Lincoln,2012-2016,19,
20,Kansas,20107,Linn,2012-2016,33,
20,Kansas,20109,Logan,2012-2016,13,
20,Kansas,20111,Lyon,2012-2016,17,
20,Kansas,20115,Marion,2012-2016,19,
20,Kansas,20117,Marshall,2012-2016,16,
20,Kansas,20113,McPherson,2012-2016,14,
20,Kansas,20119,Meade,2012-2016,16,
20,Kansas,20121,Miami,2012-2016,29,
20,Kansas,20123,Mitchell,2012-2016,10,
20,Kansas,20125,Montgomery,2012-2016,17,
20,Kansas,20127,Morris,2012-2016,22,
20,Kansas,20129,Morton,2012-2016,19,
20,Kansas,20131,Nemaha,2012-2016,15,
20,Kansas,20133,Neosho,2012-2016,16,
20,Kansas,20135,Ness,2012-2016,12,
20,Kansas,20137,Norton,2012-2016,18,
20,Kansas,20139,Osage,2012-2016,30,
20,Kansas,20141,Osborne,2012-2016,13,
20,Kansas,20143,Ottawa,2012-2016,24,
20,Kansas,20145,Pawnee,2012-2016,14,
20,Kansas,20147,Phillips,2012-2016,15,
20,Kansas,20149,Pottawatomie,2012-2016,21,
20,Kansas,20151,Pratt,2012-2016,14,
20,Kansas,20153,Rawlins,2012-2016,16,
20,Kansas,20155,Reno,2012-2016,18,
20,Kansas,20157,Republic,2012-2016,17,
20,Kansas,20159,Rice,2012-2016,16,
20,Kansas,20161,Riley,2012-2016,16,
20,Kansas,20163,Rooks,2012-2016,15,
20,Kansas,20165,Rush,2012-2016,20,
20,Kansas,20167,Russell,2012-2016,16,
20,Kansas,20169,Saline,2012-2016,15,
20,Kansas,20171,Scott,2012-2016,13,
20,Kansas,20173,Sedgwick,2012-2016,19,
20,Kansas,20175,Seward,2012-2016,15,
20,Kansas,20177,Shawnee,2012-2016,18,
20,Kansas,20179,Sheridan,2012-2016,12,
20,Kansas,20181,Sherman,2012-2016,17,
20,Kansas,20183,Smith,2012-2016,15,
20,Kansas,20185,Stafford,2012-2016,18,
20,Kansas,20187,Stanton,2012-2016,11,
20,Kansas,20189,Stevens,2012-2016,16,
20,Kansas,20191,Sumner,2012-2016,24,
20,Kansas,20193,Thomas,2012-2016,11,
20,Kansas,20195,Trego,2012-2016,14,
20,Kansas,20197,Wabaunsee,2012-2016,27,
20,Kansas,20199,Wallace,2012-2016,14,
20,Kansas,20201,Washington,2012-2016,19,
20,Kansas,20203,Wichita,2012-2016,12,
20,Kansas,20205,Wilson,2012-2016,16,
20,Kansas,20207,Woodson,2012-2016,22,
20,Kansas,20209,Wyandotte,2012-2016,21,
21,Kentucky,21001,Adair,2012-2016,22,
21,Kentucky,21003,Allen,2012-2016,25,
21,Kentucky,21005,Anderson,2012-2016,27,
21,Kentucky,21007,Ballard,2012-2016,24,
21,Kentucky,21009,Barren,2012-2016,20,
21,Kentucky,21011,Bath,2012-2016,25,
21,Kentucky,21013,Bell,2012-2016,22,
21,Kentucky,21015,Boone,2012-2016,24,
21,Kentucky,21017,Bourbon,2012-2016,22,
21,Kentucky,21019,Boyd,2012-2016,21,
21,Kentucky,21021,Boyle,2012-2016,20,
21,Kentucky,21023,Bracken,2012-2016,37,
21,Kentucky,21025,Breathitt,2012-2016,26,
21,Kentucky,21027,Breckinridge,2012-2016,30,
21,Kentucky,21029,Bullitt,2012-2016,28,
21,Kentucky,21031,Butler,2012-2016,26,
21,Kentucky,21033,Caldwell,2012-2016,23,
21,Kentucky,21035,Calloway,2012-2016,17,
21,Kentucky,21037,Campbell,2012-2016,22,
21,Kentucky,21039,Carlisle,2012-2016,26,
21,Kentucky,21041,Carroll,2012-2016,18,
21,Kentucky,21043,Carter,2012-2016,31,
21,Kentucky,21045,Casey,2012-2016,28,
21,Kentucky,21047,Christian,2012-2016,17,
21,Kentucky,21049,Clark,2012-2016,23,
21,Kentucky,21051,Clay,2012-2016,29,
21,Kentucky,21053,Clinton,2012-2016,20,
21,Kentucky,21055,Crittenden,2012-2016,27,
21,Kentucky,21057,Cumberland,2012-2016,22,
21,Kentucky,21059,Daviess,2012-2016,19,
21,Kentucky,21061,Edmonson,2012-2016,31,
21,Kentucky,21063,Elliott,2012-2016,35,
21,Kentucky,21065,Estill,2012-2016,34,
21,Kentucky,21067,Fayette,2012-2016,21,
21,Kentucky,21069,Fleming,2012-2016,29,
21,Kentucky,21071,Floyd,2012-2016,25,
21,Kentucky,21073,Franklin,2012-2016,19,
21,Kentucky,21075,Fulton,2012-2016,22,
21,Kentucky,21077,Gallatin,2012-2016,29,
21,Kentucky,21079,Garrard,2012-2016,34,
21,Kentucky,21081,Grant,2012-2016,30,
21,Kentucky,21083,Graves,2012-2016,23,
21,Kentucky,21085,Grayson,2012-2016,28,
21,Kentucky,21087,Green,2012-2016,27,
21,Kentucky,21089,Greenup,2012-2016,24,
21,Kentucky,21091,Hancock,2012-2016,24,
21,Kentucky,21093,Hardin,2012-2016,22,
21,Kentucky,21095,Harlan,2012-2016,21,
21,Kentucky,21097,Harrison,2012-2016,25,
21,Kentucky,21099,Hart,2012-2016,29,
21,Kentucky,21101,Henderson,2012-2016,21,
21,Kentucky,21103,Henry,2012-2016,31,
21,Kentucky,21105,Hickman,2012-2016,19,
21,Kentucky,21107,Hopkins,2012-2016,21,
21,Kentucky,21109,Jackson,2012-2016,28,
21,Kentucky,21111,Jefferson,2012-2016,22,
21,Kentucky,21113,Jessamine,2012-2016,25,
21,Kentucky,21115,Johnson,2012-2016,26,
21,Kentucky,21117,Kenton,2012-2016,23,
21,Kentucky,21119,Knott,2012-2016,29,
21,Kentucky,21121,Knox,2012-2016,21,
21,Kentucky,21123,Larue,2012-2016,26,
21,Kentucky,21125,Laurel,2012-2016,20,
21,Kentucky,21127,Lawrence,2012-2016,34,
21,Kentucky,21129,Lee,2012-2016,31,
21,Kentucky,21131,Leslie,2012-2016,33,
21,Kentucky,21133,Letcher,2012-2016,24,
21,Kentucky,21135,Lewis,2012-2016,33,
21,Kentucky,21137,Lincoln,2012-2016,29,
21,Kentucky,21139,Livingston,2012-2016,26,
21,Kentucky,21141,Logan,2012-2016,23,
21,Kentucky,21143,Lyon,2012-2016,22,
21,Kentucky,21151,Madison,2012-2016,22,
21,Kentucky,21153,Magoffin,2012-2016,31,
21,Kentucky,21155,Marion,2012-2016,20,
21,Kentucky,21157,Marshall,2012-2016,23,
21,Kentucky,21159,Martin,2012-2016,39,
21,Kentucky,21161,Mason,2012-2016,25,
21,Kentucky,21145,McCracken,2012-2016,18,
21,Kentucky,21147,McCreary,2012-2016,27,
21,Kentucky,21149,McLean,2012-2016,27,
21,Kentucky,21163,Meade,2012-2016,31,
21,Kentucky,21165,Menifee,2012-2016,31,
21,Kentucky,21167,Mercer,2012-2016,26,
21,Kentucky,21169,Metcalfe,2012-2016,25,
21,Kentucky,21171,Monroe,2012-2016,24,
21,Kentucky,21173,Montgomery,2012-2016,22,
21,Kentucky,21175,Morgan,2012-2016,34,
21,Kentucky,21177,Muhlenberg,2012-2016,22,
21,Kentucky,21179,Nelson,2012-2016,26,
21,Kentucky,21181,Nicholas,2012-2016,31,
21,Kentucky,21183,Ohio,2012-2016,25,
21,Kentucky,21185,Oldham,2012-2016,27,
21,Kentucky,21187,Owen,2012-2016,30,
21,Kentucky,21189,Owsley,2012-2016,22,
21,Kentucky,21191,Pendleton,2012-2016,34,
21,Kentucky,21193,Perry,2012-2016,22,
21,Kentucky,21195,Pike,2012-2016,25,
21,Kentucky,21197,Powell,2012-2016,29,
21,Kentucky,21199,Pulaski,2012-2016,20,
21,Kentucky,21201,Robertson,2012-2016,36,
21,Kentucky,21203,Rockcastle,2012-2016,25,
21,Kentucky,21205,Rowan,2012-2016,20,
21,Kentucky,21207,Russell,2012-2016,20,
21,Kentucky,21209,Scott,2012-2016,21,
21,Kentucky,21211,Shelby,2012-2016,25,
21,Kentucky,21213,Simpson,2012-2016,21,
21,Kentucky,21215,Spencer,2012-2016,33,
21,Kentucky,21217,Taylor,2012-2016,19,
21,Kentucky,21219,Todd,2012-2016,25,
21,Kentucky,21221,Trigg,2012-2016,27,
21,Kentucky,21223,Trimble,2012-2016,30,
21,Kentucky,21225,Union,2012-2016,20,
21,Kentucky,21227,Warren,2012-2016,20,
21,Kentucky,21229,Washington,2012-2016,26,
21,Kentucky,21231,Wayne,2012-2016,21,
21,Kentucky,21233,Webster,2012-2016,25,
21,Kentucky,21235,Whitley,2012-2016,20,
21,Kentucky,21237,Wolfe,2012-2016,34,
21,Kentucky,21239,Woodford,2012-2016,22,
22,Louisiana,22001,Acadia,2012-2016,28,
22,Louisiana,22003,Allen,2012-2016,29,
22,Louisiana,22005,Ascension,2012-2016,30,
22,Louisiana,22007,Assumption,2012-2016,30,
22,Louisiana,22009,Avoyelles,2012-2016,30,
22,Louisiana,22011,Beauregard,2012-2016,31,
22,Louisiana,22013,Bienville,2012-2016,32,
22,Louisiana,22015,Bossier,2012-2016,22,
22,Louisiana,22017,Caddo,2012-2016,21,
22,Louisiana,22019,Calcasieu,2012-2016,21,
22,Louisiana,22021,Caldwell,2012-2016,23,
22,Louisiana,22023,Cameron,2012-2016,34,
22,Louisiana,22025,Catahoula,2012-2016,23,
22,Louisiana,22027,Claiborne,2012-2016,27,
22,Louisiana,22029,Concordia,2012-2016,20,
22,Louisiana,22031,De Soto,2012-2016,29,
22,Louisiana,22033,East Baton Rouge,2012-2016,23,
22,Louisiana,22035,East Carroll,2012-2016,12,
22,Louisiana,22037,East Feliciana,2012-2016,32,
22,Louisiana,22039,Evangeline,2012-2016,28,
22,Louisiana,22041,Franklin,2012-2016,22,
22,Louisiana,22043,Grant,2012-2016,33,
22,Louisiana,22045,Iberia,2012-2016,25,
22,Louisiana,22047,Iberville,2012-2016,25,
22,Louisiana,22049,Jackson,2012-2016,32,
22,Louisiana,22051,Jefferson,2012-2016,24,
22,Louisiana,22053,Jefferson Davis,2012-2016,30,
22,Louisiana,22059,La Salle,2012-2016,40,
22,Louisiana,22055,Lafayette,2012-2016,24,
22,Louisiana,22057,Lafourche,2012-2016,27,
22,Louisiana,22061,Lincoln,2012-2016,20,
22,Louisiana,22063,Livingston,2012-2016,34,
22,Louisiana,22065,Madison,2012-2016,14,
22,Louisiana,22067,Morehouse,2012-2016,25,
22,Louisiana,22069,Natchitoches,2012-2016,22,
22,Louisiana,22071,Orleans,2012-2016,24,
22,Louisiana,22073,Ouachita,2012-2016,20,
22,Louisiana,22075,Plaquemines,2012-2016,26,
22,Louisiana,22077,Pointe Coupee,2012-2016,31,
22,Louisiana,22079,Rapides,2012-2016,23,
22,Louisiana,22081,Red River,2012-2016,31,
22,Louisiana,22083,Richland,2012-2016,21,
22,Louisiana,22085,Sabine,2012-2016,32,
22,Louisiana,22087,St. Bernard,2012-2016,27,
22,Louisiana,22089,St. Charles,2012-2016,27,
22,Louisiana,22091,St. Helena,2012-2016,36,
22,Louisiana,22093,St. James,2012-2016,26,
22,Louisiana,22095,St. John the Baptist,2012-2016,28,
22,Louisiana,22097,St. Landry,2012-2016,26,
22,Louisiana,22099,St. Martin,2012-2016,28,
22,Louisiana,22101,St. Mary,2012-2016,21,
22,Louisiana,22103,St. Tammany,2012-2016,31,
22,Louisiana,22105,Tangipahoa,2012-2016,31,
22,Louisiana,22107,Tensas,2012-2016,23,
22,Louisiana,22109,Terrebonne,2012-2016,23,
22,Louisiana,22111,Union,2012-2016,35,
22,Louisiana,22113,Vermilion,2012-2016,29,
22,Louisiana,22115,Vernon,2012-2016,22,
22,Louisiana,22117,Washington,2012-2016,33,
22,Louisiana,22119,Webster,2012-2016,24,
22,Louisiana,22121,West Baton Rouge,2012-2016,24,
22,Louisiana,22123,West Carroll,2012-2016,22,
22,Louisiana,22125,West Feliciana,2012-2016,27,
22,Louisiana,22127,Winn,2012-2016,26,
23,Maine,23001,Androscoggin,2012-2016,24,
23,Maine,23003,Aroostook,2012-2016,18,
23,Maine,23005,Cumberland,2012-2016,23,
23,Maine,23007,Franklin,2012-2016,23,
23,Maine,23009,Hancock,2012-2016,24,
23,Maine,23011,Kennebec,2012-2016,23,
23,Maine,23013,Knox,2012-2016,18,
23,Maine,23015,Lincoln,2012-2016,24,
23,Maine,23017,Oxford,2012-2016,29,
23,Maine,23019,Penobscot,2012-2016,22,
23,Maine,23021,Piscataquis,2012-2016,24,
23,Maine,23023,Sagadahoc,2012-2016,23,
23,Maine,23025,Somerset,2012-2016,25,
23,Maine,23027,Waldo,2012-2016,26,
23,Maine,23029,Washington,2012-2016,20,
23,Maine,23031,York,2012-2016,28,
24,Maryland,24001,Allegany,2012-2016,21,
24,Maryland,24003,Anne Arundel,2012-2016,30,
24,Maryland,24005,Baltimore,2012-2016,29,
24,Maryland,24510,Baltimore City,2012-2016,31,
24,Maryland,24009,Calvert,2012-2016,41,
24,Maryland,24011,Caroline,2012-2016,31,
24,Maryland,24013,Carroll,2012-2016,35,
24,Maryland,24015,Cecil,2012-2016,29,
24,Maryland,24017,Charles,2012-2016,43,
24,Maryland,24019,Dorchester,2012-2016,25,
24,Maryland,24021,Frederick,2012-2016,35,
24,Maryland,24023,Garrett,2012-2016,24,
24,Maryland,24025,Harford,2012-2016,32,
24,Maryland,24027,Howard,2012-2016,30,
24,Maryland,24029,Kent,2012-2016,26,
24,Maryland,24031,Montgomery,2012-2016,35,
24,Maryland,24033,Prince George's,2012-2016,37,
24,Maryland,24035,Queen Anne's,2012-2016,35,
24,Maryland,24039,Somerset,2012-2016,24,
24,Maryland,24037,St. Mary's,2012-2016,30,
24,Maryland,24041,Talbot,2012-2016,27,
24,Maryland,24043,Washington,2012-2016,29,
24,Maryland,24045,Wicomico,2012-2016,22,
24,Maryland,24047,Worcester,2012-2016,25,
25,Massachusetts,25001,Barnstable,2012-2016,23,
25,Massachusetts,25003,Berkshire,2012-2016,20,
25,Massachusetts,25005,Bristol,2012-2016,28,
25,Massachusetts,25007,Dukes,2012-2016,14,
25,Massachusetts,25009,Essex,2012-2016,29,
25,Massachusetts,25011,Franklin,2012-2016,24,
25,Massachusetts,25013,Hampden,2012-2016,23,
25,Massachusetts,25015,Hampshire,2012-2016,23,
25,Massachusetts,25017,Middlesex,2012-2016,30,
25,Massachusetts,25019,Nantucket,2012-2016,12,
25,Massachusetts,25021,Norfolk,2012-2016,33,
25,Massachusetts,25023,Plymouth,2012-2016,33,
25,Massachusetts,25025,Suffolk,2012-2016,31,
25,Massachusetts,25027,Worcester,2012-2016,29,
26,Michigan,26001,Alcona,2012-2016,23,
26,Michigan,26003,Alger,2012-2016,21,
26,Michigan,26005,Allegan,2012-2016,24,
26,Michigan,26007,Alpena,2012-2016,18,
26,Michigan,26009,Antrim,2012-2016,25,
26,Michigan,26011,Arenac,2012-2016,27,
26,Michigan,26013,Baraga,2012-2016,19,
26,Michigan,26015,Barry,2012-2016,28,
26,Michigan,26017,Bay,2012-2016,22,
26,Michigan,26019,Benzie,2012-2016,26,
26,Michigan,26021,Berrien,2012-2016,20,
26,Michigan,26023,Branch,2012-2016,23,
26,Michigan,26025,Calhoun,2012-2016,20,
26,Michigan,26027,Cass,2012-2016,25,
26,Michigan,26029,Charlevoix,2012-2016,20,
26,Michigan,26031,Cheboygan,2012-2016,27,
26,Michigan,26033,Chippewa,2012-2016,17,
26,Michigan,26035,Clare,2012-2016,27,
26,Michigan,26037,Clinton,2012-2016,23,
26,Michigan,26039,Crawford,2012-2016,22,
26,Michigan,26041,Delta,2012-2016,20,
26,Michigan,26043,Dickinson,2012-2016,17,
26,Michigan,26045,Eaton,2012-2016,23,
26,Michigan,26047,Emmet,2012-2016,20,
26,Michigan,26049,Genesee,2012-2016,26,
26,Michigan,26051,Gladwin,2012-2016,31,
26,Michigan,26053,Gogebic,2012-2016,17,
26,Michigan,26055,Grand Traverse,2012-2016,21,
26,Michigan,26057,Gratiot,2012-2016,23,
26,Michigan,26059,Hillsdale,2012-2016,24,
26,Michigan,26061,Houghton,2012-2016,15,
26,Michigan,26063,Huron,2012-2016,21,
26,Michigan,26065,Ingham,2012-2016,20,
26,Michigan,26067,Ionia,2012-2016,28,
26,Michigan,26069,Iosco,2012-2016,21,
26,Michigan,26071,Iron,2012-2016,22,
26,Michigan,26073,Isabella,2012-2016,18,
26,Michigan,26075,Jackson,2012-2016,23,
26,Michigan,26077,Kalamazoo,2012-2016,20,
26,Michigan,26079,Kalkaska,2012-2016,28,
26,Michigan,26081,Kent,2012-2016,21,
26,Michigan,26083,Keweenaw,2012-2016,22,
26,Michigan,26085,Lake,2012-2016,26,
26,Michigan,26087,Lapeer,2012-2016,34,
26,Michigan,26089,Leelanau,2012-2016,22,
26,Michigan,26091,Lenawee,2012-2016,27,
26,Michigan,26093,Livingston,2012-2016,32,
26,Michigan,26095,Luce,2012-2016,15,
26,Michigan,26097,Mackinac,2012-2016,21,
26,Michigan,26099,Macomb,2012-2016,27,
26,Michigan,26101,Manistee,2012-2016,20,
26,Michigan,26103,Marquette,2012-2016,18,
26,Michigan,26105,Mason,2012-2016,18,
26,Michigan,26107,Mecosta,2012-2016,24,
26,Michigan,26109,Menominee,2012-2016,21,
26,Michigan,26111,Midland,2012-2016,21,
26,Michigan,26113,Missaukee,2012-2016,22,
26,Michigan,26115,Monroe,2012-2016,24,
26,Michigan,26117,Montcalm,2012-2016,30,
26,Michigan,26119,Montmorency,2012-2016,29,
26,Michigan,26121,Muskegon,2012-2016,21,
26,Michigan,26123,Newaygo,2012-2016,29,
26,Michigan,26125,Oakland,2012-2016,27,
26,Michigan,26127,Oceana,2012-2016,22,
26,Michigan,26129,Ogemaw,2012-2016,23,
26,Michigan,26131,Ontonagon,2012-2016,24,
26,Michigan,26133,Osceola,2012-2016,25,
26,Michigan,26135,Oscoda,2012-2016,20,
26,Michigan,26137,Otsego,2012-2016,20,
26,Michigan,26139,Ottawa,2012-2016,20,
26,Michigan,26141,Presque Isle,2012-2016,24,
26,Michigan,26143,Roscommon,2012-2016,21,
26,Michigan,26145,Saginaw,2012-2016,22,
26,Michigan,26151,Sanilac,2012-2016,27,
26,Michigan,26153,Schoolcraft,2012-2016,18,
26,Michigan,26155,Shiawassee,2012-2016,28,
26,Michigan,26147,St. Clair,2012-2016,29,
26,Michigan,26149,St. Joseph,2012-2016,22,
26,Michigan,26157,Tuscola,2012-2016,29,
26,Michigan,26159,Van Buren,2012-2016,25,
26,Michigan,26161,Washtenaw,2012-2016,23,
26,Michigan,26163,Wayne,2012-2016,25,
26,Michigan,26165,Wexford,2012-2016,21,
27,Minnesota,27001,Aitkin,2012-2016,25,
27,Minnesota,27003,Anoka,2012-2016,28,
27,Minnesota,27005,Becker,2012-2016,23,
27,Minnesota,27007,Beltrami,2012-2016,20,
27,Minnesota,27009,Benton,2012-2016,23,
27,Minnesota,27011,Big Stone,2012-2016,19,
27,Minnesota,27013,Blue Earth,2012-2016,17,
27,Minnesota,27015,Brown,2012-2016,15,
27,Minnesota,27017,Carlton,2012-2016,22,
27,Minnesota,27019,Carver,2012-2016,26,
27,Minnesota,27021,Cass,2012-2016,23,
27,Minnesota,27023,Chippewa,2012-2016,17,
27,Minnesota,27025,Chisago,2012-2016,32,
27,Minnesota,27027,Clay,2012-2016,19,
27,Minnesota,27029,Clearwater,2012-2016,26,
27,Minnesota,27031,Cook,2012-2016,17,
27,Minnesota,27033,Cottonwood,2012-2016,17,
27,Minnesota,27035,Crow Wing,2012-2016,22,
27,Minnesota,27037,Dakota,2012-2016,24,
27,Minnesota,27039,Dodge,2012-2016,25,
27,Minnesota,27041,Douglas,2012-2016,18,
27,Minnesota,27043,Faribault,2012-2016,18,
27,Minnesota,27045,Fillmore,2012-2016,26,
27,Minnesota,27047,Freeborn,2012-2016,19,
27,Minnesota,27049,Goodhue,2012-2016,24,
27,Minnesota,27051,Grant,2012-2016,23,
27,Minnesota,27053,Hennepin,2012-2016,23,
27,Minnesota,27055,Houston,2012-2016,22,
27,Minnesota,27057,Hubbard,2012-2016,21,
27,Minnesota,27059,Isanti,2012-2016,34,
27,Minnesota,27061,Itasca,2012-2016,23,
27,Minnesota,27063,Jackson,2012-2016,17,
27,Minnesota,27065,Kanabec,2012-2016,33,
27,Minnesota,27067,Kandiyohi,2012-2016,17,
27,Minnesota,27069,Kittson,2012-2016,21,
27,Minnesota,27071,Koochiching,2012-2016,15,
27,Minnesota,27073,Lac qui Parle,2012-2016,17,
27,Minnesota,27075,Lake,2012-2016,22,
27,Minnesota,27077,Lake of the Woods,2012-2016,20,
27,Minnesota,27079,Le Sueur,2012-2016,26,
27,Minnesota,27081,Lincoln,2012-2016,21,
27,Minnesota,27083,Lyon,2012-2016,15,
27,Minnesota,27087,Mahnomen,2012-2016,21,
27,Minnesota,27089,Marshall,2012-2016,23,
27,Minnesota,27091,Martin,2012-2016,17,
27,Minnesota,27085,McLeod,2012-2016,23,
27,Minnesota,27093,Meeker,2012-2016,25,
27,Minnesota,27095,Mille Lacs,2012-2016,29,
27,Minnesota,27097,Morrison,2012-2016,26,
27,Minnesota,27099,Mower,2012-2016,17,
27,Minnesota,27101,Murray,2012-2016,20,
27,Minnesota,27103,Nicollet,2012-2016,17,
27,Minnesota,27105,Nobles,2012-2016,17,
27,Minnesota,27107,Norman,2012-2016,21,
27,Minnesota,27109,Olmsted,2012-2016,18,
27,Minnesota,27111,Otter Tail,2012-2016,21,
27,Minnesota,27113,Pennington,2012-2016,14,
27,Minnesota,27115,Pine,2012-2016,30,
27,Minnesota,27117,Pipestone,2012-2016,20,
27,Minnesota,27119,Polk,2012-2016,18,
27,Minnesota,27121,Pope,2012-2016,18,
27,Minnesota,27123,Ramsey,2012-2016,24,
27,Minnesota,27125,Red Lake,2012-2016,22,
27,Minnesota,27127,Redwood,2012-2016,17,
27,Minnesota,27129,Renville,2012-2016,19,
27,Minnesota,27131,Rice,2012-2016,22,
27,Minnesota,27133,Rock,2012-2016,19,
27,Minnesota,27135,Roseau,2012-2016,16,
27,Minnesota,27139,Scott,2012-2016,26,
27,Minnesota,27141,Sherburne,2012-2016,32,
27,Minnesota,27143,Sibley,2012-2016,25,
27,Minnesota,27137,St. Louis,2012-2016,20,
27,Minnesota,27145,Stearns,2012-2016,20,
27,Minnesota,27147,Steele,2012-2016,18,
27,Minnesota,27149,Stevens,2012-2016,12,
27,Minnesota,27151,Swift,2012-2016,16,
27,Minnesota,27153,Todd,2012-2016,24,
27,Minnesota,27155,Traverse,2012-2016,16,
27,Minnesota,27157,Wabasha,2012-2016,24,
27,Minnesota,27159,Wadena,2012-2016,21,
27,Minnesota,27161,Waseca,2012-2016,20,
27,Minnesota,27163,Washington,2012-2016,26,
27,Minnesota,27165,Watonwan,2012-2016,18,
27,Minnesota,27167,Wilkin,2012-2016,19,
27,Minnesota,27169,Winona,2012-2016,17,
27,Minnesota,27171,Wright,2012-2016,30,
27,Minnesota,27173,Yellow Medicine,2012-2016,17,
28,Mississippi,28001,Adams,2012-2016,19,
28,Mississippi,28003,Alcorn,2012-2016,21,
28,Mississippi,28005,Amite,2012-2016,38,
28,Mississippi,28007,Attala,2012-2016,28,
28,Mississippi,28009,Benton,2012-2016,32,
28,Mississippi,28011,Bolivar,2012-2016,18,
28,Mississippi,28013,Calhoun,2012-2016,24,
28,Mississippi,28015,Carroll,2012-2016,28,
28,Mississippi,28017,Chickasaw,2012-2016,24,
28,Mississippi,28019,Choctaw,2012-2016,31,
28,Mississippi,28021,Claiborne,2012-2016,22,
28,Mississippi,28023,Clarke,2012-2016,31,
28,Mississippi,28025,Clay,2012-2016,22,
28,Mississippi,28027,Coahoma,2012-2016,22,
28,Mississippi,28029,Copiah,2012-2016,29,
28,Mississippi,28031,Covington,2012-2016,28,
28,Mississippi,28033,DeSoto,2012-2016,25,
28,Mississippi,28035,Forrest,2012-2016,21,
28,Mississippi,28037,Franklin,2012-2016,36,
28,Mississippi,28039,George,2012-2016,37,
28,Mississippi,28041,Greene,2012-2016,38,
28,Mississippi,28043,Grenada,2012-2016,18,
28,Mississippi,28045,Hancock,2012-2016,29,
28,Mississippi,28047,Harrison,2012-2016,22,
28,Mississippi,28049,Hinds,2012-2016,23,
28,Mississippi,28051,Holmes,2012-2016,27,
28,Mississippi,28053,Humphreys,2012-2016,21,
28,Mississippi,28055,Issaquena,2012-2016,21,
28,Mississippi,28057,Itawamba,2012-2016,25,
28,Mississippi,28059,Jackson,2012-2016,24,
28,Mississippi,28061,Jasper,2012-2016,31,
28,Mississippi,28063,Jefferson,2012-2016,25,
28,Mississippi,28065,Jefferson Davis,2012-2016,33,
28,Mississippi,28067,Jones,2012-2016,22,
28,Mississippi,28069,Kemper,2012-2016,30,
28,Mississippi,28071,Lafayette,2012-2016,18,
28,Mississippi,28073,Lamar,2012-2016,26,
28,Mississippi,28075,Lauderdale,2012-2016,20,
28,Mississippi,28077,Lawrence,2012-2016,37,
28,Mississippi,28079,Leake,2012-2016,31,
28,Mississippi,28081,Lee,2012-2016,20,
28,Mississippi,28083,Leflore,2012-2016,17,
28,Mississippi,28085,Lincoln,2012-2016,31,
28,Mississippi,28087,Lowndes,2012-2016,21,
28,Mississippi,28089,Madison,2012-2016,22,
28,Mississippi,28091,Marion,2012-2016,32,
28,Mississippi,28093,Marshall,2012-2016,30,
28,Mississippi,28095,Monroe,2012-2016,25,
28,Mississippi,28097,Montgomery,2012-2016,27,
28,Mississippi,28099,Neshoba,2012-2016,25,
28,Mississippi,28101,Newton,2012-2016,25,
28,Mississippi,28103,Noxubee,2012-2016,26,
28,Mississippi,28105,Oktibbeha,2012-2016,18,
28,Mississippi,28107,Panola,2012-2016,24,
28,Mississippi,28109,Pearl River,2012-2016,34,
28,Mississippi,28111,Perry,2012-2016,30,
28,Mississippi,28113,Pike,2012-2016,25,
28,Mississippi,28115,Pontotoc,2012-2016,24,
28,Mississippi,28117,Prentiss,2012-2016,25,
28,Mississippi,28119,Quitman,2012-2016,25,
28,Mississippi,28121,Rankin,2012-2016,26,
28,Mississippi,28123,Scott,2012-2016,25,
28,Mississippi,28125,Sharkey,2012-2016,21,
28,Mississippi,28127,Simpson,2012-2016,34,
28,Mississippi,28129,Smith,2012-2016,31,
28,Mississippi,28131,Stone,2012-2016,30,
28,Mississippi,28133,Sunflower,2012-2016,18,
28,Mississippi,28135,Tallahatchie,2012-2016,24,
28,Mississippi,28137,Tate,2012-2016,30,
28,Mississippi,28139,Tippah,2012-2016,25,
28,Mississippi,28141,Tishomingo,2012-2016,22,
28,Mississippi,28143,Tunica,2012-2016,21,
28,Mississippi,28145,Union,2012-2016,23,
28,Mississippi,28147,Walthall,2012-2016,37,
28,Mississippi,28149,Warren,2012-2016,18,
28,Mississippi,28151,Washington,2012-2016,17,
28,Mississippi,28153,Wayne,2012-2016,30,
28,Mississippi,28155,Webster,2012-2016,27,
28,Mississippi,28157,Wilkinson,2012-2016,39,
28,Mississippi,28159,Winston,2012-2016,28,
28,Mississippi,28161,Yalobusha,2012-2016,26,
28,Mississippi,28163,Yazoo,2012-2016,28,
29,Missouri,29001,Adair,2012-2016,18,
29,Missouri,29003,Andrew,2012-2016,22,
29,Missouri,29005,Atchison,2012-2016,18,
29,Missouri,29007,Audrain,2012-2016,21,
29,Missouri,29009,Barry,2012-2016,23,
29,Missouri,29011,Barton,2012-2016,22,
29,Missouri,29013,Bates,2012-2016,31,
29,Missouri,29015,Benton,2012-2016,26,
29,Missouri,29017,Bollinger,2012-2016,32,
29,Missouri,29019,Boone,2012-2016,18,
29,Missouri,29021,Buchanan,2012-2016,17,
29,Missouri,29023,Butler,2012-2016,17,
29,Missouri,29025,Caldwell,2012-2016,32,
29,Missouri,29027,Callaway,2012-2016,23,
29,Missouri,29029,Camden,2012-2016,22,
29,Missouri,29031,Cape Girardeau,2012-2016,19,
29,Missouri,29033,Carroll,2012-2016,24,
29,Missouri,29035,Carter,2012-2016,23,
29,Missouri,29037,Cass,2012-2016,28,
29,Missouri,29039,Cedar,2012-2016,27,
29,Missouri,29041,Chariton,2012-2016,24,
29,Missouri,29043,Christian,2012-2016,26,
29,Missouri,29045,Clark,2012-2016,24,
29,Missouri,29047,Clay,2012-2016,23,
29,Missouri,29049,Clinton,2012-2016,31,
29,Missouri,29051,Cole,2012-2016,18,
29,Missouri,29053,Cooper,2012-2016,23,
29,Missouri,29055,Crawford,2012-2016,27,
29,Missouri,29057,Dade,2012-2016,25,
29,Missouri,29059,Dallas,2012-2016,32,
29,Missouri,29061,Daviess,2012-2016,28,
29,Missouri,29063,DeKalb,2012-2016,25,
29,Missouri,29065,Dent,2012-2016,25,
29,Missouri,29067,Douglas,2012-2016,32,
29,Missouri,29069,Dunklin,2012-2016,21,
29,Missouri,29071,Franklin,2012-2016,29,
29,Missouri,29073,Gasconade,2012-2016,26,
29,Missouri,29075,Gentry,2012-2016,21,
29,Missouri,29077,Greene,2012-2016,19,
29,Missouri,29079,Grundy,2012-2016,16,
29,Missouri,29081,Harrison,2012-2016,19,
29,Missouri,29083,Henry,2012-2016,22,
29,Missouri,29085,Hickory,2012-2016,28,
29,Missouri,29087,Holt,2012-2016,21,
29,Missouri,29089,Howard,2012-2016,23,
29,Missouri,29091,Howell,2012-2016,19,
29,Missouri,29093,Iron,2012-2016,27,
29,Missouri,29095,Jackson,2012-2016,23,
29,Missouri,29097,Jasper,2012-2016,18,
29,Missouri,29099,Jefferson,2012-2016,31,
29,Missouri,29101,Johnson,2012-2016,21,
29,Missouri,29103,Knox,2012-2016,23,
29,Missouri,29105,Laclede,2012-2016,20,
29,Missouri,29107,Lafayette,2012-2016,25,
29,Missouri,29109,Lawrence,2012-2016,22,
29,Missouri,29111,Lewis,2012-2016,25,
29,Missouri,29113,Lincoln,2012-2016,34,
29,Missouri,29115,Linn,2012-2016,19,
29,Missouri,29117,Livingston,2012-2016,19,
29,Missouri,29121,Macon,2012-2016,20,
29,Missouri,29123,Madison,2012-2016,26,
29,Missouri,29125,Maries,2012-2016,30,
29,Missouri,29127,Marion,2012-2016,18,
29,Missouri,29119,McDonald,2012-2016,28,
29,Missouri,29129,Mercer,2012-2016,20,
29,Missouri,29131,Miller,2012-2016,28,
29,Missouri,29133,Mississippi,2012-2016,17,
29,Missouri,29135,Moniteau,2012-2016,25,
29,Missouri,29137,Monroe,2012-2016,25,
29,Missouri,29139,Montgomery,2012-2016,27,
29,Missouri,29141,Morgan,2012-2016,23,
29,Missouri,29143,New Madrid,2012-2016,18,
29,Missouri,29145,Newton,2012-2016,22,
29,Missouri,29147,Nodaway,2012-2016,16,
29,Missouri,29149,Oregon,2012-2016,23,
29,Missouri,29151,Osage,2012-2016,26,
29,Missouri,29153,Ozark,2012-2016,31,
29,Missouri,29155,Pemiscot,2012-2016,17,
29,Missouri,29157,Perry,2012-2016,22,
29,Missouri,29159,Pettis,2012-2016,19,
29,Missouri,29161,Phelps,2012-2016,19,
29,Missouri,29163,Pike,2012-2016,24,
29,Missouri,29165,Platte,2012-2016,23,
29,Missouri,29167,Polk,2012-2016,25,
29,Missouri,29169,Pulaski,2012-2016,19,
29,Missouri,29171,Putnam,2012-2016,20,
29,Missouri,29173,Ralls,2012-2016,22,
29,Missouri,29175,Randolph,2012-2016,21,
29,Missouri,29177,Ray,2012-2016,31,
29,Missouri,29179,Reynolds,2012-2016,23,
29,Missouri,29181,Ripley,2012-2016,24,
29,Missouri,29195,Saline,2012-2016,17,
29,Missouri,29197,Schuyler,2012-2016,26,
29,Missouri,29199,Scotland,2012-2016,21,
29,Missouri,29201,Scott,2012-2016,19,
29,Missouri,29203,Shannon,2012-2016,22,
29,Missouri,29205,Shelby,2012-2016,22,
29,Missouri,29183,St. Charles,2012-2016,25,
29,Missouri,29185,St. Clair,2012-2016,27,
29,Missouri,29187,St. Francois,2012-2016,25,
29,Missouri,29189,St. Louis,2012-2016,24,
29,Missouri,29510,St. Louis City,2012-2016,24,
29,Missouri,29186,Ste. Genevieve,2012-2016,25,
29,Missouri,29207,Stoddard,2012-2016,22,
29,Missouri,29209,Stone,2012-2016,29,
29,Missouri,29211,Sullivan,2012-2016,17,
29,Missouri,29213,Taney,2012-2016,21,
29,Missouri,29215,Texas,2012-2016,27,
29,Missouri,29217,Vernon,2012-2016,17,
29,Missouri,29219,Warren,2012-2016,31,
29,Missouri,29221,Washington,2012-2016,34,
29,Missouri,29223,Wayne,2012-2016,27,
29,Missouri,29225,Webster,2012-2016,29,
29,Missouri,29227,Worth,2012-2016,28,
29,Missouri,29229,Wright,2012-2016,28,
30,Montana,30001,Beaverhead,2012-2016,13,
30,Montana,30003,Big Horn,2012-2016,19,
30,Montana,30005,Blaine,2012-2016,16,
30,Montana,30007,Broadwater,2012-2016,25,
30,Montana,30009,Carbon,2012-2016,28,
30,Montana,30011,Carter,2012-2016,16,
30,Montana,30013,Cascade,2012-2016,16,
30,Montana,30015,Chouteau,2012-2016,17,
30,Montana,30017,Custer,2012-2016,14,
30,Montana,30019,Daniels,2012-2016,10,
30,Montana,30021,Dawson,2012-2016,19,
30,Montana,30023,Deer Lodge,2012-2016,19,
30,Montana,30025,Fallon,2012-2016,13,
30,Montana,30027,Fergus,2012-2016,12,
30,Montana,30029,Flathead,2012-2016,19,
30,Montana,30031,Gallatin,2012-2016,18,
30,Montana,30033,Garfield,2012-2016,13,
30,Montana,30035,Glacier,2012-2016,14,
30,Montana,30037,Golden Valley,2012-2016,23,
30,Montana,30039,Granite,2012-2016,23,
30,Montana,30041,Hill,2012-2016,12,
30,Montana,30043,Jefferson,2012-2016,20,
30,Montana,30045,Judith Basin,2012-2016,17,
30,Montana,30047,Lake,2012-2016,19,
30,Montana,30049,Lewis and Clark,2012-2016,16,
30,Montana,30051,Liberty,2012-2016,11,
30,Montana,30053,Lincoln,2012-2016,17,
30,Montana,30057,Madison,2012-2016,21,
30,Montana,30055,McCone,2012-2016,15,
30,Montana,30059,Meagher,2012-2016,15,
30,Montana,30061,Mineral,2012-2016,23,
30,Montana,30063,Missoula,2012-2016,18,
30,Montana,30065,Musselshell,2012-2016,35,
30,Montana,30067,Park,2012-2016,26,
30,Montana,30069,Petroleum,2012-2016,17,
30,Montana,30071,Phillips,2012-2016,19,
30,Montana,30073,Pondera,2012-2016,15,
30,Montana,30075,Powder River,2012-2016,15,
30,Montana,30077,Powell,2012-2016,19,
30,Montana,30079,Prairie,2012-2016,14,
30,Montana,30081,Ravalli,2012-2016,22,
30,Montana,30083,Richland,2012-2016,16,
30,Montana,30085,Roosevelt,2012-2016,14,
30,Montana,30087,Rosebud,2012-2016,13,
30,Montana,30089,Sanders,2012-2016,20,
30,Montana,30091,Sheridan,2012-2016,13,
30,Montana,30093,Silver Bow,2012-2016,15,
30,Montana,30095,Stillwater,2012-2016,25,
30,Montana,30097,Sweet Grass,2012-2016,23,
30,Montana,30099,Teton,2012-2016,18,
30,Montana,30101,Toole,2012-2016,15,
30,Montana,30103,Treasure,2012-2016,21,
30,Montana,30105,Valley,2012-2016,17,
30,Montana,30107,Wheatland,2012-2016,9,
30,Montana,30109,Wibaux,2012-2016,20,
30,Montana,30111,Yellowstone,2012-2016,19,
31,Nebraska,31001,Adams,2012-2016,15,
31,Nebraska,31003,Antelope,2012-2016,17,
31,Nebraska,31005,Arthur,2012-2016,21,
31,Nebraska,31007,Banner,2012-2016,23,
31,Nebraska,31009,Blaine,2012-2016,21,
31,Nebraska,31011,Boone,2012-2016,16,
31,Nebraska,31013,Box Butte,2012-2016,11,
31,Nebraska,31015,Boyd,2012-2016,16,
31,Nebraska,31017,Brown,2012-2016,12,
31,Nebraska,31019,Buffalo,2012-2016,15,
31,Nebraska,31021,Burt,2012-2016,23,
31,Nebraska,31023,Butler,2012-2016,21,
31,Nebraska,31025,Cass,2012-2016,26,
31,Nebraska,31027,Cedar,2012-2016,17,
31,Nebraska,31029,Chase,2012-2016,13,
31,Nebraska,31031,Cherry,2012-2016,13,
31,Nebraska,31033,Cheyenne,2012-2016,13,
31,Nebraska,31035,Clay,2012-2016,20,
31,Nebraska,31037,Colfax,2012-2016,17,
31,Nebraska,31039,Cuming,2012-2016,15,
31,Nebraska,31041,Custer,2012-2016,17,
31,Nebraska,31043,Dakota,2012-2016,15,
31,Nebraska,31045,Dawes,2012-2016,13,
31,Nebraska,31047,Dawson,2012-2016,16,
31,Nebraska,31049,Deuel,2012-2016,22,
31,Nebraska,31051,Dixon,2012-2016,20,
31,Nebraska,31053,Dodge,2012-2016,19,
31,Nebraska,31055,Douglas,2012-2016,19,
31,Nebraska,31057,Dundy,2012-2016,16,
31,Nebraska,31059,Fillmore,2012-2016,16,
31,Nebraska,31061,Franklin,2012-2016,18,
31,Nebraska,31063,Frontier,2012-2016,20,
31,Nebraska,31065,Furnas,2012-2016,14,
31,Nebraska,31067,Gage,2012-2016,20,
31,Nebraska,31069,Garden,2012-2016,20,
31,Nebraska,31071,Garfield,2012-2016,12,
31,Nebraska,31073,Gosper,2012-2016,17,
31,Nebraska,31075,Grant,2012-2016,24,
31,Nebraska,31077,Greeley,2012-2016,22,
31,Nebraska,31079,Hall,2012-2016,17,
31,Nebraska,31081,Hamilton,2012-2016,17,
31,Nebraska,31083,Harlan,2012-2016,18,
31,Nebraska,31085,Hayes,2012-2016,25,
31,Nebraska,31087,Hitchcock,2012-2016,20,
31,Nebraska,31089,Holt,2012-2016,13,
31,Nebraska,31091,Hooker,2012-2016,15,
31,Nebraska,31093,Howard,2012-2016,24,
31,Nebraska,31095,Jefferson,2012-2016,17,
31,Nebraska,31097,Johnson,2012-2016,22,
31,Nebraska,31099,Kearney,2012-2016,19,
31,Nebraska,31101,Keith,2012-2016,15,
31,Nebraska,31103,Keya Paha,2012-2016,19,
31,Nebraska,31105,Kimball,2012-2016,14,
31,Nebraska,31107,Knox,2012-2016,17,
31,Nebraska,31109,Lancaster,2012-2016,19,
31,Nebraska,31111,Lincoln,2012-2016,15,
31,Nebraska,31113,Logan,2012-2016,28,
31,Nebraska,31115,Loup,2012-2016,24,
31,Nebraska,31119,Madison,2012-2016,14,
31,Nebraska,31117,McPherson,2012-2016,30,
31,Nebraska,31121,Merrick,2012-2016,19,
31,Nebraska,31123,Morrill,2012-2016,18,
31,Nebraska,31125,Nance,2012-2016,20,
31,Nebraska,31127,Nemaha,2012-2016,20,
31,Nebraska,31129,Nuckolls,2012-2016,17,
31,Nebraska,31131,Otoe,2012-2016,21,
31,Nebraska,31133,Pawnee,2012-2016,20,
31,Nebraska,31135,Perkins,2012-2016,15,
31,Nebraska,31137,Phelps,2012-2016,14,
31,Nebraska,31139,Pierce,2012-2016,19,
31,Nebraska,31141,Platte,2012-2016,14,
31,Nebraska,31143,Polk,2012-2016,19,
31,Nebraska,31145,Red Willow,2012-2016,12,
31,Nebraska,31147,Richardson,2012-2016,18,
31,Nebraska,31149,Rock,2012-2016,15,
31,Nebraska,31151,Saline,2012-2016,19,
31,Nebraska,31153,Sarpy,2012-2016,21,
31,Nebraska,31155,Saunders,2012-2016,26,
31,Nebraska,31157,Scotts Bluff,2012-2016,15,
31,Nebraska,31159,Seward,2012-2016,22,
31,Nebraska,31161,Sheridan,2012-2016,19,
31,Nebraska,31163,Sherman,2012-2016,24,
31,Nebraska,31165,Sioux,2012-2016,18,
31,Nebraska,31167,Stanton,2012-2016,19,
31,Nebraska,31169,Thayer,2012-2016,13,
31,Nebraska,31171,Thomas,2012-2016,15,
31,Nebraska,31173,Thurston,2012-2016,17,
31,Nebraska,31175,Valley,2012-2016,16,
31,Nebraska,31177,Washington,2012-2016,21,
31,Nebraska,31179,Wayne,2012-2016,17,
31,Nebraska,31181,Webster,2012-2016,20,
31,Nebraska,31183,Wheeler,2012-2016,19,
31,Nebraska,31185,York,2012-2016,15,
32,Nevada,32510,Carson City,2012-2016,18,
32,Nevada,32001,Churchill,2012-2016,20,
32,Nevada,32003,Clark,2012-2016,24,
32,Nevada,32005,Douglas,2012-2016,24,
32,Nevada,32007,Elko,2012-2016,30,
32,Nevada,32009,Esmeralda,2012-2016,19,
32,Nevada,32011,Eureka,2012-2016,18,
32,Nevada,32013,Humboldt,2012-2016,30,
32,Nevada,32015,Lander,2012-2016,23,
32,Nevada,32017,Lincoln,2012-2016,16,
32,Nevada,32019,Lyon,2012-2016,31,
32,Nevada,32021,Mineral,2012-2016,13,
32,Nevada,32023,Nye,2012-2016,24,
32,Nevada,32027,Pershing,2012-2016,17,
32,Nevada,32029,Storey,2012-2016,29,
32,Nevada,32031,Washoe,2012-2016,21,
32,Nevada,32033,White Pine,2012-2016,15,
33,New Hampshire,33001,Belknap,2012-2016,27,
33,New Hampshire,33003,Carroll,2012-2016,25,
33,New Hampshire,33005,Cheshire,2012-2016,23,
33,New Hampshire,33007,Coos,2012-2016,21,
33,New Hampshire,33009,Grafton,2012-2016,22,
33,New Hampshire,33011,Hillsborough,2012-2016,28,
33,New Hampshire,33013,Merrimack,2012-2016,26,
33,New Hampshire,33015,Rockingham,2012-2016,30,
33,New Hampshire,33017,Strafford,2012-2016,27,
33,New Hampshire,33019,Sullivan,2012-2016,25,
34,New Jersey,34001,Atlantic,2012-2016,24,
34,New Jersey,34003,Bergen,2012-2016,32,
34,New Jersey,34005,Burlington,2012-2016,29,
34,New Jersey,34007,Camden,2012-2016,28,
34,New Jersey,34009,Cape May,2012-2016,23,
34,New Jersey,34011,Cumberland,2012-2016,23,
34,New Jersey,34013,Essex,2012-2016,34,
34,New Jersey,34015,Gloucester,2012-2016,29,
34,New Jersey,34017,Hudson,2012-2016,35,
34,New Jersey,34019,Hunterdon,2012-2016,33,
34,New Jersey,34021,Mercer,2012-2016,28,
34,New Jersey,34023,Middlesex,2012-2016,33,
34,New Jersey,34025,Monmouth,2012-2016,34,
34,New Jersey,34027,Morris,2012-2016,31,
34,New Jersey,34029,Ocean,2012-2016,31,
34,New Jersey,34031,Passaic,2012-2016,27,
34,New Jersey,34033,Salem,2012-2016,26,
34,New Jersey,34035,Somerset,2012-2016,32,
34,New Jersey,34037,Sussex,2012-2016,38,
34,New Jersey,34039,Union,2012-2016,31,
34,New Jersey,34041,Warren,2012-2016,36,
35,New Mexico,35001,Bernalillo,2012-2016,22,
35,New Mexico,35003,Catron,2012-2016,15,
35,New Mexico,35005,Chaves,2012-2016,20,
35,New Mexico,35006,Cibola,2012-2016,24,
35,New Mexico,35007,Colfax,2012-2016,14,
35,New Mexico,35009,Curry,2012-2016,14,
35,New Mexico,35011,De Baca,2012-2016,10,
35,New Mexico,35013,Dona Ana,2012-2016,21,
35,New Mexico,35015,Eddy,2012-2016,17,
35,New Mexico,35017,Grant,2012-2016,17,
35,New Mexico,35019,Guadalupe,2012-2016,16,
35,New Mexico,35021,Harding,2012-2016,23,
35,New Mexico,35023,Hidalgo,2012-2016,20,
35,New Mexico,35025,Lea,2012-2016,20,
35,New Mexico,35027,Lincoln,2012-2016,21,
35,New Mexico,35028,Los Alamos,2012-2016,16,
35,New Mexico,35029,Luna,2012-2016,20,
35,New Mexico,35031,McKinley,2012-2016,22,
35,New Mexico,35033,Mora,2012-2016,26,
35,New Mexico,35035,Otero,2012-2016,19,
35,New Mexico,35037,Quay,2012-2016,17,
35,New Mexico,35039,Rio Arriba,2012-2016,28,
35,New Mexico,35041,Roosevelt,2012-2016,17,
35,New Mexico,35045,San Juan,2012-2016,24,
35,New Mexico,35047,San Miguel,2012-2016,20,
35,New Mexico,35043,Sandoval,2012-2016,29,
35,New Mexico,35049,Santa Fe,2012-2016,22,
35,New Mexico,35051,Sierra,2012-2016,16,
35,New Mexico,35053,Socorro,2012-2016,17,
35,New Mexico,35055,Taos,2012-2016,20,
35,New Mexico,35057,Torrance,2012-2016,32,
35,New Mexico,35059,Union,2012-2016,14,
35,New Mexico,35061,Valencia,2012-2016,29,
36,New York,36001,Albany,2012-2016,20,
36,New York,36003,Allegany,2012-2016,21,
36,New York,36005,Bronx,2012-2016,44,
36,New York,36007,Broome,2012-2016,20,
36,New York,36009,Cattaraugus,2012-2016,22,
36,New York,36011,Cayuga,2012-2016,23,
36,New York,36013,Chautauqua,2012-2016,18,
36,New York,36015,Chemung,2012-2016,20,
36,New York,36017,Chenango,2012-2016,24,
36,New York,36019,Clinton,2012-2016,20,
36,New York,36021,Columbia,2012-2016,26,
36,New York,36023,Cortland,2012-2016,21,
36,New York,36025,Delaware,2012-2016,24,
36,New York,36027,Dutchess,2012-2016,32,
36,New York,36029,Erie,2012-2016,21,
36,New York,36031,Essex,2012-2016,22,
36,New York,36033,Franklin,2012-2016,21,
36,New York,36035,Fulton,2012-2016,25,
36,New York,36037,Genesee,2012-2016,22,
36,New York,36039,Greene,2012-2016,26,
36,New York,36041,Hamilton,2012-2016,26,
36,New York,36043,Herkimer,2012-2016,23,
36,New York,36045,Jefferson,2012-2016,18,
36,New York,36047,Kings,2012-2016,42,
36,New York,36049,Lewis,2012-2016,25,
36,New York,36051,Livingston,2012-2016,25,
36,New York,36053,Madison,2012-2016,23,
36,New York,36055,Monroe,2012-2016,20,
36,New York,36057,Montgomery,2012-2016,24,
36,New York,36059,Nassau,2012-2016,35,
36,New York,36061,New York,2012-2016,31,
36,New York,36063,Niagara,2012-2016,22,
36,New York,36065,Oneida,2012-2016,20,
36,New York,36067,Onondaga,2012-2016,20,
36,New York,36069,Ontario,2012-2016,23,
36,New York,36071,Orange,2012-2016,33,
36,New York,36073,Orleans,2012-2016,25,
36,New York,36075,Oswego,2012-2016,24,
36,New York,36077,Otsego,2012-2016,22,
36,New York,36079,Putnam,2012-2016,39,
36,New York,36081,Queens,2012-2016,43,
36,New York,36083,Rensselaer,2012-2016,24,
36,New York,36085,Richmond,2012-2016,43,
36,New York,36087,Rockland,2012-2016,31,
36,New York,36091,Saratoga,2012-2016,25,
36,New York,36093,Schenectady,2012-2016,23,
36,New York,36095,Schoharie,2012-2016,30,
36,New York,36097,Schuyler,2012-2016,25,
36,New York,36099,Seneca,2012-2016,23,
36,New York,36089,St. Lawrence,2012-2016,21,
36,New York,36101,Steuben,2012-2016,22,
36,New York,36103,Suffolk,2012-2016,32,
36,New York,36105,Sullivan,2012-2016,30,
36,New York,36107,Tioga,2012-2016,24,
36,New York,36109,Tompkins,2012-2016,18,
36,New York,36111,Ulster,2012-2016,28,
36,New York,36113,Warren,2012-2016,23,
36,New York,36115,Washington,2012-2016,26,
36,New York,36117,Wayne,2012-2016,25,
36,New York,36119,Westchester,2012-2016,34,
36,New York,36121,Wyoming,2012-2016,25,
36,New York,36123,Yates,2012-2016,23,
37,North Carolina,37001,Alamance,2012-2016,24,
37,North Carolina,37003,Alexander,2012-2016,25,
37,North Carolina,37005,Alleghany,2012-2016,26,
37,North Carolina,37007,Anson,2012-2016,28,
37,North Carolina,37009,Ashe,2012-2016,27,
37,North Carolina,37011,Avery,2012-2016,22,
37,North Carolina,37013,Beaufort,2012-2016,24,
37,North Carolina,37015,Bertie,2012-2016,24,
37,North Carolina,37017,Bladen,2012-2016,25,
37,North Carolina,37019,Brunswick,2012-2016,24,
37,North Carolina,37021,Buncombe,2012-2016,20,
37,North Carolina,37023,Burke,2012-2016,21,
37,North Carolina,37025,Cabarrus,2012-2016,28,
37,North Carolina,37027,Caldwell,2012-2016,23,
37,North Carolina,37029,Camden,2012-2016,34,
37,North Carolina,37031,Carteret,2012-2016,24,
37,North Carolina,37033,Caswell,2012-2016,32,
37,North Carolina,37035,Catawba,2012-2016,23,
37,North Carolina,37037,Chatham,2012-2016,28,
37,North Carolina,37039,Cherokee,2012-2016,23,
37,North Carolina,37041,Chowan,2012-2016,26,
37,North Carolina,37043,Clay,2012-2016,20,
37,North Carolina,37045,Cleveland,2012-2016,23,
37,North Carolina,37047,Columbus,2012-2016,26,
37,North Carolina,37049,Craven,2012-2016,22,
37,North Carolina,37051,Cumberland,2012-2016,21,
37,North Carolina,37053,Currituck,2012-2016,36,
37,North Carolina,37055,Dare,2012-2016,19,
37,North Carolina,37057,Davidson,2012-2016,24,
37,North Carolina,37059,Davie,2012-2016,27,
37,North Carolina,37061,Duplin,2012-2016,27,
37,North Carolina,37063,Durham,2012-2016,23,
37,North Carolina,37065,Edgecombe,2012-2016,22,
37,North Carolina,37067,Forsyth,2012-2016,21,
37,North Carolina,37069,Franklin,2012-2016,31,
37,North Carolina,37071,Gaston,2012-2016,25,
37,North Carolina,37073,Gates,2012-2016,37,
37,North Carolina,37075,Graham,2012-2016,25,
37,North Carolina,37077,Granville,2012-2016,29,
37,North Carolina,37079,Greene,2012-2016,24,
37,North Carolina,37081,Guilford,2012-2016,21,
37,North Carolina,37083,Halifax,2012-2016,25,
37,North Carolina,37085,Harnett,2012-2016,29,
37,North Carolina,37087,Haywood,2012-2016,23,
37,North Carolina,37089,Henderson,2012-2016,22,
37,North Carolina,37091,Hertford,2012-2016,24,
37,North Carolina,37093,Hoke,2012-2016,26,
37,North Carolina,37095,Hyde,2012-2016,23,
37,North Carolina,37097,Iredell,2012-2016,25,
37,North Carolina,37099,Jackson,2012-2016,19,
37,North Carolina,37101,Johnston,2012-2016,29,
37,North Carolina,37103,Jones,2012-2016,27,
37,North Carolina,37105,Lee,2012-2016,24,
37,North Carolina,37107,Lenoir,2012-2016,21,
37,North Carolina,37109,Lincoln,2012-2016,30,
37,North Carolina,37113,Macon,2012-2016,22,
37,North Carolina,37115,Madison,2012-2016,28,
37,North Carolina,37117,Martin,2012-2016,24,
37,North Carolina,37111,McDowell,2012-2016,24,
37,North Carolina,37119,Mecklenburg,2012-2016,26,
37,North Carolina,37121,Mitchell,2012-2016,27,
37,North Carolina,37123,Montgomery,2012-2016,24,
37,North Carolina,37125,Moore,2012-2016,24,
37,North Carolina,37127,Nash,2012-2016,21,
37,North Carolina,37129,New Hanover,2012-2016,20,
37,North Carolina,37131,Northampton,2012-2016,25,
37,North Carolina,37133,Onslow,2012-2016,23,
37,North Carolina,37135,Orange,2012-2016,22,
37,North Carolina,37137,Pamlico,2012-2016,28,
37,North Carolina,37139,Pasquotank,2012-2016,27,
37,North Carolina,37141,Pender,2012-2016,28,
37,North Carolina,37143,Perquimans,2012-2016,30,
37,North Carolina,37145,Person,2012-2016,30,
37,North Carolina,37147,Pitt,2012-2016,20,
37,North Carolina,37149,Polk,2012-2016,26,
37,North Carolina,37151,Randolph,2012-2016,23,
37,North Carolina,37153,Richmond,2012-2016,22,
37,North Carolina,37155,Robeson,2012-2016,24,
37,North Carolina,37157,Rockingham,2012-2016,26,
37,North Carolina,37159,Rowan,2012-2016,24,
37,North Carolina,37161,Rutherford,2012-2016,25,
37,North Carolina,37163,Sampson,2012-2016,26,
37,North Carolina,37165,Scotland,2012-2016,22,
37,North Carolina,37167,Stanly,2012-2016,25,
37,North Carolina,37169,Stokes,2012-2016,29,
37,North Carolina,37171,Surry,2012-2016,24,
37,North Carolina,37173,Swain,2012-2016,20,
37,North Carolina,37175,Transylvania,2012-2016,26,
37,North Carolina,37177,Tyrrell,2012-2016,28,
37,North Carolina,37179,Union,2012-2016,30,
37,North Carolina,37181,Vance,2012-2016,23,
37,North Carolina,37183,Wake,2012-2016,25,
37,North Carolina,37185,Warren,2012-2016,29,
37,North Carolina,37187,Washington,2012-2016,25,
37,North Carolina,37189,Watauga,2012-2016,20,
37,North Carolina,37191,Wayne,2012-2016,22,
37,North Carolina,37193,Wilkes,2012-2016,24,
37,North Carolina,37195,Wilson,2012-2016,21,
37,North Carolina,37197,Yadkin,2012-2016,27,
37,North Carolina,37199,Yancey,2012-2016,29,
38,North Dakota,38001,Adams,2012-2016,18,
38,North Dakota,38003,Barnes,2012-2016,19,
38,North Dakota,38005,Benson,2012-2016,18,
38,North Dakota,38007,Billings,2012-2016,28,
38,North Dakota,38009,Bottineau,2012-2016,21,
38,North Dakota,38011,Bowman,2012-2016,14,
38,North Dakota,38013,Burke,2012-2016,25,
38,North Dakota,38015,Burleigh,2012-2016,18,
38,North Dakota,38017,Cass,2012-2016,16,
38,North Dakota,38019,Cavalier,2012-2016,13,
38,North Dakota,38021,Dickey,2012-2016,12,
38,North Dakota,38023,Divide,2012-2016,16,
38,North Dakota,38025,Dunn,2012-2016,25,
38,North Dakota,38027,Eddy,2012-2016,18,
38,North Dakota,38029,Emmons,2012-2016,17,
38,North Dakota,38031,Foster,2012-2016,13,
38,North Dakota,38033,Golden Valley,2012-2016,14,
38,North Dakota,38035,Grand Forks,2012-2016,14,
38,North Dakota,38037,Grant,2012-2016,21,
38,North Dakota,38039,Griggs,2012-2016,16,
38,North Dakota,38041,Hettinger,2012-2016,20,
38,North Dakota,38043,Kidder,2012-2016,26,
38,North Dakota,38045,LaMoure,2012-2016,18,
38,North Dakota,38047,Logan,2012-2016,16,
38,North Dakota,38049,McHenry,2012-2016,27,
38,North Dakota,38051,McIntosh,2012-2016,12,
38,North Dakota,38053,McKenzie,2012-2016,19,
38,North Dakota,38055,McLean,2012-2016,24,
38,North Dakota,38057,Mercer,2012-2016,18,
38,North Dakota,38059,Morton,2012-2016,21,
38,North Dakota,38061,Mountrail,2012-2016,18,
38,North Dakota,38063,Nelson,2012-2016,20,
38,North Dakota,38065,Oliver,2012-2016,27,
38,North Dakota,38067,Pembina,2012-2016,17,
38,North Dakota,38069,Pierce,2012-2016,16,
38,North Dakota,38071,Ramsey,2012-2016,13,
38,North Dakota,38073,Ransom,2012-2016,17,
38,North Dakota,38075,Renville,2012-2016,22,
38,North Dakota,38077,Richland,2012-2016,18,
38,North Dakota,38079,Rolette,2012-2016,19,
38,North Dakota,38081,Sargent,2012-2016,14,
38,North Dakota,38083,Sheridan,2012-2016,24,
38,North Dakota,38085,Sioux,2012-2016,17,
38,North Dakota,38087,Slope,2012-2016,24,
38,North Dakota,38089,Stark,2012-2016,18,
38,North Dakota,38091,Steele,2012-2016,19,
38,North Dakota,38093,Stutsman,2012-2016,14,
38,North Dakota,38095,Towner,2012-2016,14,
38,North Dakota,38097,Traill,2012-2016,21,
38,North Dakota,38099,Walsh,2012-2016,16,
38,North Dakota,38101,Ward,2012-2016,19,
38,North Dakota,38103,Wells,2012-2016,14,
38,North Dakota,38105,Williams,2012-2016,19,
39,Ohio,39001,Adams,2012-2016,36,
39,Ohio,39003,Allen,2012-2016,19,
39,Ohio,39005,Ashland,2012-2016,24,
39,Ohio,39007,Ashtabula,2012-2016,25,
39,Ohio,39009,Athens,2012-2016,20,
39,Ohio,39011,Auglaize,2012-2016,20,
39,Ohio,39013,Belmont,2012-2016,23,
39,Ohio,39015,Brown,2012-2016,36,
39,Ohio,39017,Butler,2012-2016,24,
39,Ohio,39019,Carroll,2012-2016,30,
39,Ohio,39021,Champaign,2012-2016,27,
39,Ohio,39023,Clark,2012-2016,22,
39,Ohio,39025,Clermont,2012-2016,28,
39,Ohio,39027,Clinton,2012-2016,26,
39,Ohio,39029,Columbiana,2012-2016,25,
39,Ohio,39031,Coshocton,2012-2016,24,
39,Ohio,39033,Crawford,2012-2016,21,
39,Ohio,39035,Cuyahoga,2012-2016,24,
39,Ohio,39037,Darke,2012-2016,23,
39,Ohio,39039,Defiance,2012-2016,20,
39,Ohio,39041,Delaware,2012-2016,26,
39,Ohio,39043,Erie,2012-2016,21,
39,Ohio,39045,Fairfield,2012-2016,28,
39,Ohio,39047,Fayette,2012-2016,24,
39,Ohio,39049,Franklin,2012-2016,22,
39,Ohio,39051,Fulton,2012-2016,24,
39,Ohio,39053,Gallia,2012-2016,28,
39,Ohio,39055,Geauga,2012-2016,28,
39,Ohio,39057,Greene,2012-2016,21,
39,Ohio,39059,Guernsey,2012-2016,24,
39,Ohio,39061,Hamilton,2012-2016,23,
39,Ohio,39063,Hancock,2012-2016,17,
39,Ohio,39065,Hardin,2012-2016,24,
39,Ohio,39067,Harrison,2012-2016,28,
39,Ohio,39069,Henry,2012-2016,22,
39,Ohio,39071,Highland,2012-2016,30,
39,Ohio,39073,Hocking,2012-2016,32,
39,Ohio,39075,Holmes,2012-2016,21,
39,Ohio,39077,Huron,2012-2016,23,
39,Ohio,39079,Jackson,2012-2016,27,
39,Ohio,39081,Jefferson,2012-2016,25,
39,Ohio,39083,Knox,2012-2016,26,
39,Ohio,39085,Lake,2012-2016,23,
39,Ohio,39087,Lawrence,2012-2016,23,
39,Ohio,39089,Licking,2012-2016,25,
39,Ohio,39091,Logan,2012-2016,22,
39,Ohio,39093,Lorain,2012-2016,24,
39,Ohio,39095,Lucas,2012-2016,21,
39,Ohio,39097,Madison,2012-2016,25,
39,Ohio,39099,Mahoning,2012-2016,22,
39,Ohio,39101,Marion,2012-2016,22,
39,Ohio,39103,Medina,2012-2016,27,
39,Ohio,39105,Meigs,2012-2016,30,
39,Ohio,39107,Mercer,2012-2016,18,
39,Ohio,39109,Miami,2012-2016,21,
39,Ohio,39111,Monroe,2012-2016,33,
39,Ohio,39113,Montgomery,2012-2016,21,
39,Ohio,39115,Morgan,2012-2016,33,
39,Ohio,39117,Morrow,2012-2016,30,
39,Ohio,39119,Muskingum,2012-2016,23,
39,Ohio,39121,Noble,2012-2016,29,
39,Ohio,39123,Ottawa,2012-2016,24,
39,Ohio,39125,Paulding,2012-2016,23,
39,Ohio,39127,Perry,2012-2016,33,
39,Ohio,39129,Pickaway,2012-2016,28,
39,Ohio,39131,Pike,2012-2016,28,
39,Ohio,39133,Portage,2012-2016,25,
39,Ohio,39135,Preble,2012-2016,26,
39,Ohio,39137,Putnam,2012-2016,22,
39,Ohio,39139,Richland,2012-2016,22,
39,Ohio,39141,Ross,2012-2016,27,
39,Ohio,39143,Sandusky,2012-2016,20,
39,Ohio,39145,Scioto,2012-2016,25,
39,Ohio,39147,Seneca,2012-2016,21,
39,Ohio,39149,Shelby,2012-2016,18,
39,Ohio,39151,Stark,2012-2016,22,
39,Ohio,39153,Summit,2012-2016,23,
39,Ohio,39155,Trumbull,2012-2016,23,
39,Ohio,39157,Tuscarawas,2012-2016,22,
39,Ohio,39159,Union,2012-2016,25,
39,Ohio,39161,Van Wert,2012-2016,19,
39,Ohio,39163,Vinton,2012-2016,34,
39,Ohio,39165,Warren,2012-2016,25,
39,Ohio,39167,Washington,2012-2016,22,
39,Ohio,39169,Wayne,2012-2016,21,
39,Ohio,39171,Williams,2012-2016,19,
39,Ohio,39173,Wood,2012-2016,20,
39,Ohio,39175,Wyandot,2012-2016,22,
40,Oklahoma,40001,Adair,2012-2016,23,
40,Oklahoma,40003,Alfalfa,2012-2016,18,
40,Oklahoma,40005,Atoka,2012-2016,26,
40,Oklahoma,40007,Beaver,2012-2016,19,
40,Oklahoma,40009,Beckham,2012-2016,17,
40,Oklahoma,40011,Blaine,2012-2016,16,
40,Oklahoma,40013,Bryan,2012-2016,21,
40,Oklahoma,40015,Caddo,2012-2016,23,
40,Oklahoma,40017,Canadian,2012-2016,24,
40,Oklahoma,40019,Carter,2012-2016,19,
40,Oklahoma,40021,Cherokee,2012-2016,23,
40,Oklahoma,40023,Choctaw,2012-2016,23,
40,Oklahoma,40025,Cimarron,2012-2016,15,
40,Oklahoma,40027,Cleveland,2012-2016,23,
40,Oklahoma,40029,Coal,2012-2016,24,
40,Oklahoma,40031,Comanche,2012-2016,17,
40,Oklahoma,40033,Cotton,2012-2016,23,
40,Oklahoma,40035,Craig,2012-2016,21,
40,Oklahoma,40037,Creek,2012-2016,25,
40,Oklahoma,40039,Custer,2012-2016,17,
40,Oklahoma,40041,Delaware,2012-2016,26,
40,Oklahoma,40043,Dewey,2012-2016,22,
40,Oklahoma,40045,Ellis,2012-2016,21,
40,Oklahoma,40047,Garfield,2012-2016,17,
40,Oklahoma,40049,Garvin,2012-2016,21,
40,Oklahoma,40051,Grady,2012-2016,26,
40,Oklahoma,40053,Grant,2012-2016,19,
40,Oklahoma,40055,Greer,2012-2016,22,
40,Oklahoma,40057,Harmon,2012-2016,15,
40,Oklahoma,40059,Harper,2012-2016,18,
40,Oklahoma,40061,Haskell,2012-2016,25,
40,Oklahoma,40063,Hughes,2012-2016,25,
40,Oklahoma,40065,Jackson,2012-2016,15,
40,Oklahoma,40067,Jefferson,2012-2016,26,
40,Oklahoma,40069,Johnston,2012-2016,24,
40,Oklahoma,40071,Kay,2012-2016,17,
40,Oklahoma,40073,Kingfisher,2012-2016,20,
40,Oklahoma,40075,Kiowa,2012-2016,20,
40,Oklahoma,40077,Latimer,2012-2016,23,
40,Oklahoma,40079,Le Flore,2012-2016,24,
40,Oklahoma,40081,Lincoln,2012-2016,29,
40,Oklahoma,40083,Logan,2012-2016,28,
40,Oklahoma,40085,Love,2012-2016,23,
40,Oklahoma,40093,Major,2012-2016,23,
40,Oklahoma,40095,Marshall,2012-2016,24,
40,Oklahoma,40097,Mayes,2012-2016,24,
40,Oklahoma,40087,McClain,2012-2016,27,
40,Oklahoma,40089,McCurtain,2012-2016,22,
40,Oklahoma,40091,McIntosh,2012-2016,27,
40,Oklahoma,40099,Murray,2012-2016,22,
40,Oklahoma,40101,Muskogee,2012-2016,20,
40,Oklahoma,40103,Noble,2012-2016,21,
40,Oklahoma,40105,Nowata,2012-2016,25,
40,Oklahoma,40107,Okfuskee,2012-2016,27,
40,Oklahoma,40109,Oklahoma,2012-2016,21,
40,Oklahoma,40111,Okmulgee,2012-2016,27,
40,Oklahoma,40113,Osage,2012-2016,24,
40,Oklahoma,40115,Ottawa,2012-2016,20,
40,Oklahoma,40117,Pawnee,2012-2016,26,
40,Oklahoma,40119,Payne,2012-2016,17,
40,Oklahoma,40121,Pittsburg,2012-2016,21,
40,Oklahoma,40123,Pontotoc,2012-2016,17,
40,Oklahoma,40125,Pottawatomie,2012-2016,23,
40,Oklahoma,40127,Pushmataha,2012-2016,27,
40,Oklahoma,40129,Roger Mills,2012-2016,22,
40,Oklahoma,40131,Rogers,2012-2016,24,
40,Oklahoma,40133,Seminole,2012-2016,23,
40,Oklahoma,40135,Sequoyah,2012-2016,25,
40,Oklahoma,40137,Stephens,2012-2016,20,
40,Oklahoma,40139,Texas,2012-2016,17,
40,Oklahoma,40141,Tillman,2012-2016,19,
40,Oklahoma,40143,Tulsa,2012-2016,20,
40,Oklahoma,40145,Wagoner,2012-2016,26,
40,Oklahoma,40147,Washington,2012-2016,17,
40,Oklahoma,40149,Washita,2012-2016,22,
40,Oklahoma,40151,Woods,2012-2016,14,
40,Oklahoma,40153,Woodward,2012-2016,18,
41,Oregon,41001,Baker,2012-2016,16,
41,Oregon,41003,Benton,2012-2016,20,
41,Oregon,41005,Clackamas,2012-2016,28,
41,Oregon,41007,Clatsop,2012-2016,19,
41,Oregon,41009,Columbia,2012-2016,33,
41,Oregon,41011,Coos,2012-2016,19,
41,Oregon,41013,Crook,2012-2016,21,
41,Oregon,41015,Curry,2012-2016,14,
41,Oregon,41017,Deschutes,2012-2016,19,
41,Oregon,41019,Douglas,2012-2016,20,
41,Oregon,41021,Gilliam,2012-2016,16,
41,Oregon,41023,Grant,2012-2016,18,
41,Oregon,41025,Harney,2012-2016,16,
41,Oregon,41027,Hood River,2012-2016,17,
41,Oregon,41029,Jackson,2012-2016,19,
41,Oregon,41031,Jefferson,2012-2016,20,
41,Oregon,41033,Josephine,2012-2016,20,
41,Oregon,41035,Klamath,2012-2016,17,
41,Oregon,41037,Lake,2012-2016,16,
41,Oregon,41039,Lane,2012-2016,20,
41,Oregon,41041,Lincoln,2012-2016,19,
41,Oregon,41043,Linn,2012-2016,22,
41,Oregon,41045,Malheur,2012-2016,18,
41,Oregon,41047,Marion,2012-2016,23,
41,Oregon,41049,Morrow,2012-2016,20,
41,Oregon,41051,Multnomah,2012-2016,26,
41,Oregon,41053,Polk,2012-2016,24,
41,Oregon,41055,Sherman,2012-2016,22,
41,Oregon,41057,Tillamook,2012-2016,19,
41,Oregon,41059,Umatilla,2012-2016,18,
41,Oregon,41061,Union,2012-2016,17,
41,Oregon,41063,Wallowa,2012-2016,19,
41,Oregon,41065,Wasco,2012-2016,16,
41,Oregon,41067,Washington,2012-2016,25,
41,Oregon,41069,Wheeler,2012-2016,20,
41,Oregon,41071,Yamhill,2012-2016,25,
42,Pennsylvania,42001,Adams,2012-2016,28,
42,Pennsylvania,42003,Allegheny,2012-2016,27,
42,Pennsylvania,42005,Armstrong,2012-2016,29,
42,Pennsylvania,42007,Beaver,2012-2016,25,
42,Pennsylvania,42009,Bedford,2012-2016,27,
42,Pennsylvania,42011,Berks,2012-2016,25,
42,Pennsylvania,42013,Blair,2012-2016,20,
42,Pennsylvania,42015,Bradford,2012-2016,23,
42,Pennsylvania,42017,Bucks,2012-2016,29,
42,Pennsylvania,42019,Butler,2012-2016,27,
42,Pennsylvania,42021,Cambria,2012-2016,24,
42,Pennsylvania,42023,Cameron,2012-2016,18,
42,Pennsylvania,42025,Carbon,2012-2016,32,
42,Pennsylvania,42027,Centre,2012-2016,21,
42,Pennsylvania,42029,Chester,2012-2016,28,
42,Pennsylvania,42031,Clarion,2012-2016,23,
42,Pennsylvania,42033,Clearfield,2012-2016,25,
42,Pennsylvania,42035,Clinton,2012-2016,23,
42,Pennsylvania,42037,Columbia,2012-2016,22,
42,Pennsylvania,42039,Crawford,2012-2016,22,
42,Pennsylvania,42041,Cumberland,2012-2016,22,
42,Pennsylvania,42043,Dauphin,2012-2016,22,
42,Pennsylvania,42045,Delaware,2012-2016,29,
42,Pennsylvania,42047,Elk,2012-2016,18,
42,Pennsylvania,42049,Erie,2012-2016,19,
42,Pennsylvania,42051,Fayette,2012-2016,26,
42,Pennsylvania,42053,Forest,2012-2016,24,
42,Pennsylvania,42055,Franklin,2012-2016,24,
42,Pennsylvania,42057,Fulton,2012-2016,32,
42,Pennsylvania,42059,Greene,2012-2016,27,
42,Pennsylvania,42061,Huntingdon,2012-2016,29,
42,Pennsylvania,42063,Indiana,2012-2016,23,
42,Pennsylvania,42065,Jefferson,2012-2016,23,
42,Pennsylvania,42067,Juniata,2012-2016,30,
42,Pennsylvania,42069,Lackawanna,2012-2016,21,
42,Pennsylvania,42071,Lancaster,2012-2016,23,
42,Pennsylvania,42073,Lawrence,2012-2016,23,
42,Pennsylvania,42075,Lebanon,2012-2016,23,
42,Pennsylvania,42077,Lehigh,2012-2016,25,
42,Pennsylvania,42079,Luzerne,2012-2016,22,
42,Pennsylvania,42081,Lycoming,2012-2016,20,
42,Pennsylvania,42083,McKean,2012-2016,21,
42,Pennsylvania,42085,Mercer,2012-2016,20,
42,Pennsylvania,42087,Mifflin,2012-2016,25,
42,Pennsylvania,42089,Monroe,2012-2016,39,
42,Pennsylvania,42091,Montgomery,2012-2016,28,
42,Pennsylvania,42093,Montour,2012-2016,19,
42,Pennsylvania,42095,Northampton,2012-2016,28,
42,Pennsylvania,42097,Northumberland,2012-2016,24,
42,Pennsylvania,42099,Perry,2012-2016,32,
42,Pennsylvania,42101,Philadelphia,2012-2016,33,
42,Pennsylvania,42103,Pike,2012-2016,44,
42,Pennsylvania,42105,Potter,2012-2016,25,
42,Pennsylvania,42107,Schuylkill,2012-2016,26,
42,Pennsylvania,42109,Snyder,2012-2016,23,
42,Pennsylvania,42111,Somerset,2012-2016,24,
42,Pennsylvania,42113,Sullivan,2012-2016,31,
42,Pennsylvania,42115,Susquehanna,2012-2016,28,
42,Pennsylvania,42117,Tioga,2012-2016,24,
42,Pennsylvania,42119,Union,2012-2016,22,
42,Pennsylvania,42121,Venango,2012-2016,22,
42,Pennsylvania,42123,Warren,2012-2016,20,
42,Pennsylvania,42125,Washington,2012-2016,27,
42,Pennsylvania,42127,Wayne,2012-2016,29,
42,Pennsylvania,42129,Westmoreland,2012-2016,27,
42,Pennsylvania,42131,Wyoming,2012-2016,26,
42,Pennsylvania,42133,York,2012-2016,27,
44,Rhode Island,44001,Bristol,2012-2016,26,
44,Rhode Island,44003,Kent,2012-2016,25,
44,Rhode Island,44005,Newport,2012-2016,23,
44,Rhode Island,44007,Providence,2012-2016,24,
44,Rhode Island,44009,Washington,2012-2016,26,
45,South Carolina,45001,Abbeville,2012-2016,27,
45,South Carolina,45003,Aiken,2012-2016,25,
45,South Carolina,45005,Allendale,2012-2016,27,
45,South Carolina,45007,Anderson,2012-2016,23,
45,South Carolina,45009,Bamberg,2012-2016,24,
45,South Carolina,45011,Barnwell,2012-2016,27,
45,South Carolina,45013,Beaufort,2012-2016,22,
45,South Carolina,45015,Berkeley,2012-2016,27,
45,South Carolina,45017,Calhoun,2012-2016,29,
45,South Carolina,45019,Charleston,2012-2016,23,
45,South Carolina,45021,Cherokee,2012-2016,22,
45,South Carolina,45023,Chester,2012-2016,30,
45,South Carolina,45025,Chesterfield,2012-2016,24,
45,South Carolina,45027,Clarendon,2012-2016,30,
45,South Carolina,45029,Colleton,2012-2016,33,
45,South Carolina,45031,Darlington,2012-2016,24,
45,South Carolina,45033,Dillon,2012-2016,25,
45,South Carolina,45035,Dorchester,2012-2016,28,
45,South Carolina,45037,Edgefield,2012-2016,25,
45,South Carolina,45039,Fairfield,2012-2016,32,
45,South Carolina,45041,Florence,2012-2016,23,
45,South Carolina,45043,Georgetown,2012-2016,25,
45,South Carolina,45045,Greenville,2012-2016,22,
45,South Carolina,45047,Greenwood,2012-2016,22,
45,South Carolina,45049,Hampton,2012-2016,33,
45,South Carolina,45051,Horry,2012-2016,22,
45,South Carolina,45053,Jasper,2012-2016,30,
45,South Carolina,45055,Kershaw,2012-2016,27,
45,South Carolina,45057,Lancaster,2012-2016,29,
45,South Carolina,45059,Laurens,2012-2016,25,
45,South Carolina,45061,Lee,2012-2016,27,
45,South Carolina,45063,Lexington,2012-2016,26,
45,South Carolina,45067,Marion,2012-2016,30,
45,South Carolina,45069,Marlboro,2012-2016,26,
45,South Carolina,45065,McCormick,2012-2016,27,
45,South Carolina,45071,Newberry,2012-2016,24,
45,South Carolina,45073,Oconee,2012-2016,25,
45,South Carolina,45075,Orangeburg,2012-2016,28,
45,South Carolina,45077,Pickens,2012-2016,24,
45,South Carolina,45079,Richland,2012-2016,21,
45,South Carolina,45081,Saluda,2012-2016,29,
45,South Carolina,45083,Spartanburg,2012-2016,23,
45,South Carolina,45085,Sumter,2012-2016,22,
45,South Carolina,45087,Union,2012-2016,28,
45,South Carolina,45089,Williamsburg,2012-2016,31,
45,South Carolina,45091,York,2012-2016,26,
46,South Dakota,46003,Aurora,2012-2016,17,
46,South Dakota,46005,Beadle,2012-2016,13,
46,South Dakota,46007,Bennett,2012-2016,18,
46,South Dakota,46009,Bon Homme,2012-2016,20,
46,South Dakota,46011,Brookings,2012-2016,15,
46,South Dakota,46013,Brown,2012-2016,13,
46,South Dakota,46015,Brule,2012-2016,13,
46,South Dakota,46017,Buffalo,2012-2016,13,
46,South Dakota,46019,Butte,2012-2016,21,
46,South Dakota,46021,Campbell,2012-2016,18,
46,South Dakota,46023,Charles Mix,2012-2016,10,
46,South Dakota,46025,Clark,2012-2016,19,
46,South Dakota,46027,Clay,2012-2016,15,
46,South Dakota,46029,Codington,2012-2016,15,
46,South Dakota,46031,Corson,2012-2016,20,
46,South Dakota,46033,Custer,2012-2016,29,
46,South Dakota,46035,Davison,2012-2016,14,
46,South Dakota,46037,Day,2012-2016,19,
46,South Dakota,46039,Deuel,2012-2016,19,
46,South Dakota,46041,Dewey,2012-2016,16,
46,South Dakota,46043,Douglas,2012-2016,14,
46,South Dakota,46045,Edmunds,2012-2016,17,
46,South Dakota,46047,Fall River,2012-2016,17,
46,South Dakota,46049,Faulk,2012-2016,13,
46,South Dakota,46051,Grant,2012-2016,12,
46,South Dakota,46053,Gregory,2012-2016,14,
46,South Dakota,46055,Haakon,2012-2016,12,
46,South Dakota,46057,Hamlin,2012-2016,20,
46,South Dakota,46059,Hand,2012-2016,14,
46,South Dakota,46061,Hanson,2012-2016,19,
46,South Dakota,46063,Harding,2012-2016,16,
46,South Dakota,46065,Hughes,2012-2016,11,
46,South Dakota,46067,Hutchinson,2012-2016,17,
46,South Dakota,46069,Hyde,2012-2016,15,
46,South Dakota,46071,Jackson,2012-2016,13,
46,South Dakota,46073,Jerauld,2012-2016,17,
46,South Dakota,46075,Jones,2012-2016,10,
46,South Dakota,46077,Kingsbury,2012-2016,21,
46,South Dakota,46079,Lake,2012-2016,16,
46,South Dakota,46081,Lawrence,2012-2016,17,
46,South Dakota,46083,Lincoln,2012-2016,19,
46,South Dakota,46085,Lyman,2012-2016,13,
46,South Dakota,46091,Marshall,2012-2016,17,
46,South Dakota,46087,McCook,2012-2016,24,
46,South Dakota,46089,McPherson,2012-2016,19,
46,South Dakota,46093,Meade,2012-2016,21,
46,South Dakota,46095,Mellette,2012-2016,20,
46,South Dakota,46097,Miner,2012-2016,20,
46,South Dakota,46099,Minnehaha,2012-2016,18,
46,South Dakota,46101,Moody,2012-2016,20,
46,South Dakota,46103,Pennington,2012-2016,17,
46,South Dakota,46105,Perkins,2012-2016,14,
46,South Dakota,46107,Potter,2012-2016,15,
46,South Dakota,46109,Roberts,2012-2016,18,
46,South Dakota,46111,Sanborn,2012-2016,21,
46,South Dakota,46113,Shannon,2012-2016,17,
46,South Dakota,46115,Spink,2012-2016,15,
46,South Dakota,46117,Stanley,2012-2016,14,
46,South Dakota,46119,Sully,2012-2016,15,
46,South Dakota,46121,Todd,2012-2016,18,
46,South Dakota,46123,Tripp,2012-2016,16,
46,South Dakota,46125,Turner,2012-2016,25,
46,South Dakota,46127,Union,2012-2016,20,
46,South Dakota,46129,Walworth,2012-2016,14,
46,South Dakota,46135,Yankton,2012-2016,15,
46,South Dakota,46137,Ziebach,2012-2016,22,
47,Tennessee,47001,Anderson,2012-2016,23,
47,Tennessee,47003,Bedford,2012-2016,25,
47,Tennessee,47005,Benton,2012-2016,24,
47,Tennessee,47007,Bledsoe,2012-2016,31,
47,Tennessee,47009,Blount,2012-2016,24,
47,Tennessee,47011,Bradley,2012-2016,22,
47,Tennessee,47013,Campbell,2012-2016,26,
47,Tennessee,47015,Cannon,2012-2016,34,
47,Tennessee,47017,Carroll,2012-2016,24,
47,Tennessee,47019,Carter,2012-2016,24,
47,Tennessee,47021,Cheatham,2012-2016,32,
47,Tennessee,47023,Chester,2012-2016,24,
47,Tennessee,47025,Claiborne,2012-2016,24,
47,Tennessee,47027,Clay,2012-2016,26,
47,Tennessee,47029,Cocke,2012-2016,29,
47,Tennessee,47031,Coffee,2012-2016,23,
47,Tennessee,47033,Crockett,2012-2016,24,
47,Tennessee,47035,Cumberland,2012-2016,22,
47,Tennessee,47037,Davidson,2012-2016,24,
47,Tennessee,47039,Decatur,2012-2016,27,
47,Tennessee,47041,DeKalb,2012-2016,26,
47,Tennessee,47043,Dickson,2012-2016,31,
47,Tennessee,47045,Dyer,2012-2016,20,
47,Tennessee,47047,Fayette,2012-2016,34,
47,Tennessee,47049,Fentress,2012-2016,24,
47,Tennessee,47051,Franklin,2012-2016,23,
47,Tennessee,47053,Gibson,2012-2016,24,
47,Tennessee,47055,Giles,2012-2016,26,
47,Tennessee,47057,Grainger,2012-2016,33,
47,Tennessee,47059,Greene,2012-2016,23,
47,Tennessee,47061,Grundy,2012-2016,29,
47,Tennessee,47063,Hamblen,2012-2016,22,
47,Tennessee,47065,Hamilton,2012-2016,22,
47,Tennessee,47067,Hancock,2012-2016,34,
47,Tennessee,47069,Hardeman,2012-2016,29,
47,Tennessee,47071,Hardin,2012-2016,25,
47,Tennessee,47073,Hawkins,2012-2016,25,
47,Tennessee,47075,Haywood,2012-2016,23,
47,Tennessee,47077,Henderson,2012-2016,26,
47,Tennessee,47079,Henry,2012-2016,21,
47,Tennessee,47081,Hickman,2012-2016,37,
47,Tennessee,47083,Houston,2012-2016,33,
47,Tennessee,47085,Humphreys,2012-2016,28,
47,Tennessee,47087,Jackson,2012-2016,32,
47,Tennessee,47089,Jefferson,2012-2016,27,
47,Tennessee,47091,Johnson,2012-2016,24,
47,Tennessee,47093,Knox,2012-2016,22,
47,Tennessee,47095,Lake,2012-2016,17,
47,Tennessee,47097,Lauderdale,2012-2016,23,
47,Tennessee,47099,Lawrence,2012-2016,28,
47,Tennessee,47101,Lewis,2012-2016,26,
47,Tennessee,47103,Lincoln,2012-2016,28,
47,Tennessee,47105,Loudon,2012-2016,24,
47,Tennessee,47111,Macon,2012-2016,32,
47,Tennessee,47113,Madison,2012-2016,19,
47,Tennessee,47115,Marion,2012-2016,29,
47,Tennessee,47117,Marshall,2012-2016,30,
47,Tennessee,47119,Maury,2012-2016,30,
47,Tennessee,47107,McMinn,2012-2016,24,
47,Tennessee,47109,McNairy,2012-2016,26,
47,Tennessee,47121,Meigs,2012-2016,32,
47,Tennessee,47123,Monroe,2012-2016,27,
47,Tennessee,47125,Montgomery,2012-2016,25,
47,Tennessee,47127,Moore,2012-2016,26,
47,Tennessee,47129,Morgan,2012-2016,31,
47,Tennessee,47131,Obion,2012-2016,21,
47,Tennessee,47133,Overton,2012-2016,28,
47,Tennessee,47135,Perry,2012-2016,29,
47,Tennessee,47137,Pickett,2012-2016,24,
47,Tennessee,47139,Polk,2012-2016,30,
47,Tennessee,47141,Putnam,2012-2016,23,
47,Tennessee,47143,Rhea,2012-2016,22,
47,Tennessee,47145,Roane,2012-2016,27,
47,Tennessee,47147,Robertson,2012-2016,29,
47,Tennessee,47149,Rutherford,2012-2016,28,
47,Tennessee,47151,Scott,2012-2016,29,
47,Tennessee,47153,Sequatchie,2012-2016,34,
47,Tennessee,47155,Sevier,2012-2016,25,
47,Tennessee,47157,Shelby,2012-2016,23,
47,Tennessee,47159,Smith,2012-2016,28,
47,Tennessee,47161,Stewart,2012-2016,34,
47,Tennessee,47163,Sullivan,2012-2016,22,
47,Tennessee,47165,Sumner,2012-2016,28,
47,Tennessee,47167,Tipton,2012-2016,32,
47,Tennessee,47169,Trousdale,2012-2016,28,
47,Tennessee,47171,Unicoi,2012-2016,20,
47,Tennessee,47173,Union,2012-2016,33,
47,Tennessee,47175,Van Buren,2012-2016,29,
47,Tennessee,47177,Warren,2012-2016,24,
47,Tennessee,47179,Washington,2012-2016,21,
47,Tennessee,47181,Wayne,2012-2016,29,
47,Tennessee,47183,Weakley,2012-2016,20,
47,Tennessee,47185,White,2012-2016,23,
47,Tennessee,47187,Williamson,2012-2016,28,
47,Tennessee,47189,Wilson,2012-2016,30,
48,Texas,48001,Anderson,2012-2016,23,
48,Texas,48003,Andrews,2012-2016,19,
48,Texas,48005,Angelina,2012-2016,18,
48,Texas,48007,Aransas,2012-2016,21,
48,Texas,48009,Archer,2012-2016,22,
48,Texas,48011,Armstrong,2012-2016,27,
48,Texas,48013,Atascosa,2012-2016,30,
48,Texas,48015,Austin,2012-2016,30,
48,Texas,48017,Bailey,2012-2016,20,
48,Texas,48019,Bandera,2012-2016,36,
48,Texas,48021,Bastrop,2012-2016,34,
48,Texas,48023,Baylor,2012-2016,13,
48,Texas,48025,Bee,2012-2016,22,
48,Texas,48027,Bell,2012-2016,20,
48,Texas,48029,Bexar,2012-2016,25,
48,Texas,48031,Blanco,2012-2016,28,
48,Texas,48033,Borden,2012-2016,29,
48,Texas,48035,Bosque,2012-2016,30,
48,Texas,48037,Bowie,2012-2016,18,
48,Texas,48039,Brazoria,2012-2016,29,
48,Texas,48041,Brazos,2012-2016,17,
48,Texas,48043,Brewster,2012-2016,13,
48,Texas,48045,Briscoe,2012-2016,22,
48,Texas,48047,Brooks,2012-2016,21,
48,Texas,48049,Brown,2012-2016,17,
48,Texas,48051,Burleson,2012-2016,27,
48,Texas,48053,Burnet,2012-2016,25,
48,Texas,48055,Caldwell,2012-2016,30,
48,Texas,48057,Calhoun,2012-2016,22,
48,Texas,48059,Callahan,2012-2016,23,
48,Texas,48061,Cameron,2012-2016,20,
48,Texas,48063,Camp,2012-2016,25,
48,Texas,48065,Carson,2012-2016,20,
48,Texas,48067,Cass,2012-2016,25,
48,Texas,48069,Castro,2012-2016,16,
48,Texas,48071,Chambers,2012-2016,29,
48,Texas,48073,Cherokee,2012-2016,25,
48,Texas,48075,Childress,2012-2016,15,
48,Texas,48077,Clay,2012-2016,25,
48,Texas,48079,Cochran,2012-2016,22,
48,Texas,48081,Coke,2012-2016,20,
48,Texas,48083,Coleman,2012-2016,26,
48,Texas,48085,Collin,2012-2016,28,
48,Texas,48087,Collingsworth,2012-2016,18,
48,Texas,48089,Colorado,2012-2016,20,
48,Texas,48091,Comal,2012-2016,31,
48,Texas,48093,Comanche,2012-2016,24,
48,Texas,48095,Concho,2012-2016,22,
48,Texas,48097,Cooke,2012-2016,24,
48,Texas,48099,Coryell,2012-2016,22,
48,Texas,48101,Cottle,2012-2016,15,
48,Texas,48103,Crane,2012-2016,27,
48,Texas,48105,Crockett,2012-2016,21,
48,Texas,48107,Crosby,2012-2016,22,
48,Texas,48109,Culberson,2012-2016,11,
48,Texas,48111,Dallam,2012-2016,13,
48,Texas,48113,Dallas,2012-2016,27,
48,Texas,48115,Dawson,2012-2016,17,
48,Texas,48117,Deaf Smith,2012-2016,14,
48,Texas,48119,Delta,2012-2016,32,
48,Texas,48121,Denton,2012-2016,29,
48,Texas,48123,DeWitt,2012-2016,24,
48,Texas,48125,Dickens,2012-2016,19,
48,Texas,48127,Dimmit,2012-2016,16,
48,Texas,48129,Donley,2012-2016,24,
48,Texas,48131,Duval,2012-2016,28,
48,Texas,48133,Eastland,2012-2016,18,
48,Texas,48135,Ector,2012-2016,22,
48,Texas,48137,Edwards,2012-2016,18,
48,Texas,48141,El Paso,2012-2016,23,
48,Texas,48139,Ellis,2012-2016,29,
48,Texas,48143,Erath,2012-2016,20,
48,Texas,48145,Falls,2012-2016,26,
48,Texas,48147,Fannin,2012-2016,30,
48,Texas,48149,Fayette,2012-2016,22,
48,Texas,48151,Fisher,2012-2016,21,
48,Texas,48153,Floyd,2012-2016,16,
48,Texas,48155,Foard,2012-2016,17,
48,Texas,48157,Fort Bend,2012-2016,33,
48,Texas,48159,Franklin,2012-2016,22,
48,Texas,48161,Freestone,2012-2016,26,
48,Texas,48163,Frio,2012-2016,16,
48,Texas,48165,Gaines,2012-2016,19,
48,Texas,48167,Galveston,2012-2016,28,
48,Texas,48169,Garza,2012-2016,20,
48,Texas,48171,Gillespie,2012-2016,20,
48,Texas,48173,Glasscock,2012-2016,20,
48,Texas,48175,Goliad,2012-2016,27,
48,Texas,48177,Gonzales,2012-2016,22,
48,Texas,48179,Gray,2012-2016,20,
48,Texas,48181,Grayson,2012-2016,25,
48,Texas,48183,Gregg,2012-2016,20,
48,Texas,48185,Grimes,2012-2016,32,
48,Texas,48187,Guadalupe,2012-2016,26,
48,Texas,48189,Hale,2012-2016,17,
48,Texas,48191,Hall,2012-2016,16,
48,Texas,48193,Hamilton,2012-2016,20,
48,Texas,48195,Hansford,2012-2016,16,
48,Texas,48197,Hardeman,2012-2016,18,
48,Texas,48199,Hardin,2012-2016,28,
48,Texas,48201,Harris,2012-2016,29,
48,Texas,48203,Harrison,2012-2016,22,
48,Texas,48205,Hartley,2012-2016,11,
48,Texas,48207,Haskell,2012-2016,16,
48,Texas,48209,Hays,2012-2016,30,
48,Texas,48211,Hemphill,2012-2016,17,
48,Texas,48213,Henderson,2012-2016,30,
48,Texas,48215,Hidalgo,2012-2016,22,
48,Texas,48217,Hill,2012-2016,28,
48,Texas,48219,Hockley,2012-2016,20,
48,Texas,48221,Hood,2012-2016,33,
48,Texas,48223,Hopkins,2012-2016,23,
48,Texas,48225,Houston,2012-2016,26,
48,Texas,48227,Howard,2012-2016,18,
48,Texas,48229,Hudspeth,2012-2016,27,
48,Texas,48231,Hunt,2012-2016,31,
48,Texas,48233,Hutchinson,2012-2016,19,
48,Texas,48235,Irion,2012-2016,24,
48,Texas,48237,Jack,2012-2016,27,
48,Texas,48239,Jackson,2012-2016,25,
48,Texas,48241,Jasper,2012-2016,30,
48,Texas,48243,Jeff Davis,2012-2016,20,
48,Texas,48245,Jefferson,2012-2016,19,
48,Texas,48247,Jim Hogg,2012-2016,34,
48,Texas,48249,Jim Wells,2012-2016,28,
48,Texas,48251,Johnson,2012-2016,30,
48,Texas,48253,Jones,2012-2016,21,
48,Texas,48255,Karnes,2012-2016,23,
48,Texas,48257,Kaufman,2012-2016,34,
48,Texas,48259,Kendall,2012-2016,30,
48,Texas,48261,Kenedy,2012-2016,17,
48,Texas,48263,Kent,2012-2016,10,
48,Texas,48265,Kerr,2012-2016,19,
48,Texas,48267,Kimble,2012-2016,20,
48,Texas,48269,King,2012-2016,13,
48,Texas,48271,Kinney,2012-2016,18,
48,Texas,48273,Kleberg,2012-2016,18,
48,Texas,48275,Knox,2012-2016,17,
48,Texas,48283,La Salle,2012-2016,20,
48,Texas,48277,Lamar,2012-2016,20,
48,Texas,48279,Lamb,2012-2016,16,
48,Texas,48281,Lampasas,2012-2016,27,
48,Texas,48285,Lavaca,2012-2016,27,
48,Texas,48287,Lee,2012-2016,27,
48,Texas,48289,Leon,2012-2016,28,
48,Texas,48291,Liberty,2012-2016,36,
48,Texas,48293,Limestone,2012-2016,21,
48,Texas,48295,Lipscomb,2012-2016,18,
48,Texas,48297,Live Oak,2012-2016,32,
48,Texas,48299,Llano,2012-2016,25,
48,Texas,48301,Loving,2012-2016,20,
48,Texas,48303,Lubbock,2012-2016,17,
48,Texas,48305,Lynn,2012-2016,21,
48,Texas,48313,Madison,2012-2016,24,
48,Texas,48315,Marion,2012-2016,31,
48,Texas,48317,Martin,2012-2016,18,
48,Texas,48319,Mason,2012-2016,21,
48,Texas,48321,Matagorda,2012-2016,24,
48,Texas,48323,Maverick,2012-2016,21,
48,Texas,48307,McCulloch,2012-2016,16,
48,Texas,48309,McLennan,2012-2016,19,
48,Texas,48311,McMullen,2012-2016,16,
48,Texas,48325,Medina,2012-2016,30,
48,Texas,48327,Menard,2012-2016,27,
48,Texas,48329,Midland,2012-2016,19,
48,Texas,48331,Milam,2012-2016,28,
48,Texas,48333,Mills,2012-2016,17,
48,Texas,48335,Mitchell,2012-2016,21,
48,Texas,48337,Montague,2012-2016,24,
48,Texas,48339,Montgomery,2012-2016,33,
48,Texas,48341,Moore,2012-2016,17,
48,Texas,48343,Morris,2012-2016,23,
48,Texas,48345,Motley,2012-2016,18,
48,Texas,48347,Nacogdoches,2012-2016,20,
48,Texas,48349,Navarro,2012-2016,25,
48,Texas,48351,Newton,2012-2016,35,
48,Texas,48353,Nolan,2012-2016,15,
48,Texas,48355,Nueces,2012-2016,20,
48,Texas,48357,Ochiltree,2012-2016,19,
48,Texas,48359,Oldham,2012-2016,18,
48,Texas,48361,Orange,2012-2016,24,
48,Texas,48363,Palo Pinto,2012-2016,24,
48,Texas,48365,Panola,2012-2016,24,
48,Texas,48367,Parker,2012-2016,32,
48,Texas,48369,Parmer,2012-2016,15,
48,Texas,48371,Pecos,2012-2016,20,
48,Texas,48373,Polk,2012-2016,29,
48,Texas,48375,Potter,2012-2016,18,
48,Texas,48377,Presidio,2012-2016,14,
48,Texas,48379,Rains,2012-2016,35,
48,Texas,48381,Randall,2012-2016,19,
48,Texas,48383,Reagan,2012-2016,17,
48,Texas,48385,Real,2012-2016,16,
48,Texas,48387,Red River,2012-2016,31,
48,Texas,48389,Reeves,2012-2016,17,
48,Texas,48391,Refugio,2012-2016,23,
48,Texas,48393,Roberts,2012-2016,20,
48,Texas,48395,Robertson,2012-2016,24,
48,Texas,48397,Rockwall,2012-2016,33,
48,Texas,48399,Runnels,2012-2016,19,
48,Texas,48401,Rusk,2012-2016,24,
48,Texas,48403,Sabine,2012-2016,27,
48,Texas,48405,San Augustine,2012-2016,25,
48,Texas,48407,San Jacinto,2012-2016,40,
48,Texas,48409,San Patricio,2012-2016,23,
48,Texas,48411,San Saba,2012-2016,21,
48,Texas,48413,Schleicher,2012-2016,27,
48,Texas,48415,Scurry,2012-2016,16,
48,Texas,48417,Shackelford,2012-2016,19,
48,Texas,48419,Shelby,2012-2016,28,
48,Texas,48421,Sherman,2012-2016,19,
48,Texas,48423,Smith,2012-2016,23,
48,Texas,48425,Somervell,2012-2016,28,
48,Texas,48427,Starr,2012-2016,23,
48,Texas,48429,Stephens,2012-2016,19,
48,Texas,48431,Sterling,2012-2016,19,
48,Texas,48433,Stonewall,2012-2016,17,
48,Texas,48435,Sutton,2012-2016,20,
48,Texas,48437,Swisher,2012-2016,20,
48,Texas,48439,Tarrant,2012-2016,27,
48,Texas,48441,Taylor,2012-2016,17,
48,Texas,48443,Terrell,2012-2016,31,
48,Texas,48445,Terry,2012-2016,21,
48,Texas,48447,Throckmorton,2012-2016,26,
48,Texas,48449,Titus,2012-2016,19,
48,Texas,48451,Tom Green,2012-2016,18,
48,Texas,48453,Travis,2012-2016,25,
48,Texas,48455,Trinity,2012-2016,34,
48,Texas,48457,Tyler,2012-2016,34,
48,Texas,48459,Upshur,2012-2016,28,
48,Texas,48461,Upton,2012-2016,21,
48,Texas,48463,Uvalde,2012-2016,17,
48,Texas,48465,Val Verde,2012-2016,20,
48,Texas,48467,Van Zandt,2012-2016,34,
48,Texas,48469,Victoria,2012-2016,20,
48,Texas,48471,Walker,2012-2016,26,
48,Texas,48473,Waller,2012-2016,32,
48,Texas,48475,Ward,2012-2016,21,
48,Texas,48477,Washington,2012-2016,21,
48,Texas,48479,Webb,2012-2016,22,
48,Texas,48481,Wharton,2012-2016,23,
48,Texas,48483,Wheeler,2012-2016,19,
48,Texas,48485,Wichita,2012-2016,16,
48,Texas,48487,Wilbarger,2012-2016,13,
48,Texas,48489,Willacy,2012-2016,23,
48,Texas,48491,Williamson,2012-2016,27,
48,Texas,48493,Wilson,2012-2016,33,
48,Texas,48495,Winkler,2012-2016,19,
48,Texas,48497,Wise,2012-2016,31,
48,Texas,48499,Wood,2012-2016,31,
48,Texas,48501,Yoakum,2012-2016,14,
48,Texas,48503,Young,2012-2016,15,
48,Texas,48505,Zapata,2012-2016,18,
48,Texas,48507,Zavala,2012-2016,15,
49,Utah,49001,Beaver,2012-2016,14,
49,Utah,49003,Box Elder,2012-2016,24,
49,Utah,49005,Cache,2012-2016,17,
49,Utah,49007,Carbon,2012-2016,17,
49,Utah,49009,Daggett,2012-2016,18,
49,Utah,49011,Davis,2012-2016,23,
49,Utah,49013,Duchesne,2012-2016,21,
49,Utah,49015,Emery,2012-2016,18,
49,Utah,49017,Garfield,2012-2016,14,
49,Utah,49019,Grand,2012-2016,15,
49,Utah,49021,Iron,2012-2016,17,
49,Utah,49023,Juab,2012-2016,24,
49,Utah,49025,Kane,2012-2016,15,
49,Utah,49027,Millard,2012-2016,17,
49,Utah,49029,Morgan,2012-2016,28,
49,Utah,49031,Piute,2012-2016,27,
49,Utah,49033,Rich,2012-2016,23,
49,Utah,49035,Salt Lake,2012-2016,22,
49,Utah,49037,San Juan,2012-2016,22,
49,Utah,49039,Sanpete,2012-2016,21,
49,Utah,49041,Sevier,2012-2016,17,
49,Utah,49043,Summit,2012-2016,24,
49,Utah,49045,Tooele,2012-2016,29,
49,Utah,49047,Uintah,2012-2016,19,
49,Utah,49049,Utah,2012-2016,21,
49,Utah,49051,Wasatch,2012-2016,24,
49,Utah,49053,Washington,2012-2016,18,
49,Utah,49055,Wayne,2012-2016,15,
49,Utah,49057,Weber,2012-2016,22,
50,Vermont,50001,Addison,2012-2016,24,
50,Vermont,50003,Bennington,2012-2016,19,
50,Vermont,50005,Caledonia,2012-2016,25,
50,Vermont,50007,Chittenden,2012-2016,21,
50,Vermont,50009,Essex,2012-2016,26,
50,Vermont,50011,Franklin,2012-2016,26,
50,Vermont,50013,Grand Isle,2012-2016,33,
50,Vermont,50015,Lamoille,2012-2016,26,
50,Vermont,50017,Orange,2012-2016,26,
50,Vermont,50019,Orleans,2012-2016,24,
50,Vermont,50021,Rutland,2012-2016,21,
50,Vermont,50023,Washington,2012-2016,23,
50,Vermont,50025,Windham,2012-2016,21,
50,Vermont,50027,Windsor,2012-2016,23,
51,Virginia,51001,Accomack,2012-2016,21,
51,Virginia,51003,Albemarle,2012-2016,22,
51,Virginia,51510,Alexandria,2012-2016,31,
51,Virginia,51005,Alleghany,2012-2016,24,
51,Virginia,51007,Amelia,2012-2016,37,
51,Virginia,51009,Amherst,2012-2016,25,
51,Virginia,51011,Appomattox,2012-2016,32,
51,Virginia,51013,Arlington,2012-2016,28,
51,Virginia,51015,Augusta,2012-2016,24,
51,Virginia,51017,Bath,2012-2016,28,
51,Virginia,51019,Bedford,2012-2016,27,
51,Virginia,51021,Bland,2012-2016,31,
51,Virginia,51023,Botetourt,2012-2016,28,
51,Virginia,51520,Bristol,2012-2016,20,
51,Virginia,51025,Brunswick,2012-2016,29,
51,Virginia,51027,Buchanan,2012-2016,29,
51,Virginia,51029,Buckingham,2012-2016,35,
51,Virginia,51530,Buena Vista,2012-2016,15,
51,Virginia,51031,Campbell,2012-2016,24,
51,Virginia,51033,Caroline,2012-2016,34,
51,Virginia,51035,Carroll,2012-2016,25,
51,Virginia,51036,Charles City,2012-2016,33,
51,Virginia,51037,Charlotte,2012-2016,30,
51,Virginia,51540,Charlottesville,2012-2016,18,
51,Virginia,51550,Chesapeake,2012-2016,26,
51,Virginia,51041,Chesterfield,2012-2016,26,
51,Virginia,51043,Clarke,2012-2016,35,
51,Virginia,51570,Colonial Heights,2012-2016,21,
51,Virginia,51580,Covington,2012-2016,20,
51,Virginia,51045,Craig,2012-2016,38,
51,Virginia,51047,Culpeper,2012-2016,40,
51,Virginia,51049,Cumberland,2012-2016,42,
51,Virginia,51590,Danville,2012-2016,20,
51,Virginia,51051,Dickenson,2012-2016,29,
51,Virginia,51053,Dinwiddie,2012-2016,30,
51,Virginia,51595,Emporia,2012-2016,24,
51,Virginia,51057,Essex,2012-2016,33,
51,Virginia,51059,Fairfax,2012-2016,32,
51,Virginia,51600,Fairfax City,2012-2016,31,
51,Virginia,51610,Falls Church,2012-2016,29,
51,Virginia,51061,Fauquier,2012-2016,40,
51,Virginia,51063,Floyd,2012-2016,31,
51,Virginia,51065,Fluvanna,2012-2016,33,
51,Virginia,51067,Franklin,2012-2016,30,
51,Virginia,51620,Franklin City,2012-2016,25,
51,Virginia,51069,Frederick,2012-2016,31,
51,Virginia,51630,Fredericksburg,2012-2016,28,
51,Virginia,51640,Galax,2012-2016,21,
51,Virginia,51071,Giles,2012-2016,25,
51,Virginia,51073,Gloucester,2012-2016,33,
51,Virginia,51075,Goochland,2012-2016,30,
51,Virginia,51077,Grayson,2012-2016,29,
51,Virginia,51079,Greene,2012-2016,30,
51,Virginia,51081,Greensville,2012-2016,23,
51,Virginia,51083,Halifax,2012-2016,25,
51,Virginia,51650,Hampton,2012-2016,22,
51,Virginia,51085,Hanover,2012-2016,26,
51,Virginia,51660,Harrisonburg,2012-2016,16,
51,Virginia,51087,Henrico,2012-2016,22,
51,Virginia,51089,Henry,2012-2016,24,
51,Virginia,51091,Highland,2012-2016,24,
51,Virginia,51670,Hopewell,2012-2016,23,
51,Virginia,51093,Isle of Wight,2012-2016,29,
51,Virginia,51095,James City,2012-2016,25,
51,Virginia,51097,King and Queen,2012-2016,38,
51,Virginia,51099,King George,2012-2016,37,
51,Virginia,51101,King William,2012-2016,36,
51,Virginia,51103,Lancaster,2012-2016,26,
51,Virginia,51105,Lee,2012-2016,29,
51,Virginia,51678,Lexington,2012-2016,18,
51,Virginia,51107,Loudoun,2012-2016,34,
51,Virginia,51109,Louisa,2012-2016,36,
51,Virginia,51111,Lunenburg,2012-2016,30,
51,Virginia,51680,Lynchburg,2012-2016,18,
51,Virginia,51113,Madison,2012-2016,30,
51,Virginia,51683,Manassas,2012-2016,34,
51,Virginia,51685,Manassas Park,2012-2016,40,
51,Virginia,51690,Martinsville,2012-2016,19,
51,Virginia,51115,Mathews,2012-2016,31,
51,Virginia,51117,Mecklenburg,2012-2016,25,
51,Virginia,51119,Middlesex,2012-2016,30,
51,Virginia,51121,Montgomery,2012-2016,19,
51,Virginia,51125,Nelson,2012-2016,30,
51,Virginia,51127,New Kent,2012-2016,34,
51,Virginia,51700,Newport News,2012-2016,23,
51,Virginia,51710,Norfolk,2012-2016,22,
51,Virginia,51131,Northampton,2012-2016,20,
51,Virginia,51133,Northumberland,2012-2016,27,
51,Virginia,51720,Norton,2012-2016,15,
51,Virginia,51135,Nottoway,2012-2016,26,
51,Virginia,51137,Orange,2012-2016,39,
51,Virginia,51139,Page,2012-2016,33,
51,Virginia,51141,Patrick,2012-2016,28,
51,Virginia,51730,Petersburg,2012-2016,23,
51,Virginia,51143,Pittsylvania,2012-2016,25,
51,Virginia,51735,Poquoson,2012-2016,24,
51,Virginia,51740,Portsmouth,2012-2016,24,
51,Virginia,51145,Powhatan,2012-2016,33,
51,Virginia,51147,Prince Edward,2012-2016,22,
51,Virginia,51149,Prince George,2012-2016,24,
51,Virginia,51153,Prince William,2012-2016,39,
51,Virginia,51155,Pulaski,2012-2016,23,
51,Virginia,51750,Radford,2012-2016,18,
51,Virginia,51157,Rappahannock,2012-2016,38,
51,Virginia,51159,Richmond,2012-2016,26,
51,Virginia,51760,Richmond City,2012-2016,22,
51,Virginia,51161,Roanoke,2012-2016,22,
51,Virginia,51770,Roanoke City,2012-2016,20,
51,Virginia,51163,Rockbridge,2012-2016,23,
51,Virginia,51165,Rockingham,2012-2016,22,
51,Virginia,51167,Russell,2012-2016,28,
51,Virginia,51775,Salem,2012-2016,19,
51,Virginia,51169,Scott,2012-2016,29,
51,Virginia,51171,Shenandoah,2012-2016,32,
51,Virginia,51173,Smyth,2012-2016,22,
51,Virginia,51175,Southampton,2012-2016,31,
51,Virginia,51177,Spotsylvania,2012-2016,38,
51,Virginia,51179,Stafford,2012-2016,41,
51,Virginia,51790,Staunton,2012-2016,20,
51,Virginia,51800,Suffolk,2012-2016,28,
51,Virginia,51181,Surry,2012-2016,37,
51,Virginia,51183,Sussex,2012-2016,31,
51,Virginia,51185,Tazewell,2012-2016,23,
51,Virginia,51810,Virginia Beach,2012-2016,23,
51,Virginia,51187,Warren,2012-2016,41,
51,Virginia,51191,Washington,2012-2016,24,
51,Virginia,51820,Waynesboro,2012-2016,22,
51,Virginia,51193,Westmoreland,2012-2016,41,
51,Virginia,51830,Williamsburg,2012-2016,18,
51,Virginia,51840,Winchester,2012-2016,22,
51,Virginia,51195,Wise,2012-2016,23,
51,Virginia,51197,Wythe,2012-2016,23,
51,Virginia,51199,York,2012-2016,22,
53,Washington,53001,Adams,2012-2016,18,
53,Washington,53003,Asotin,2012-2016,15,
53,Washington,53005,Benton,2012-2016,22,
53,Washington,53007,Chelan,2012-2016,18,
53,Washington,53009,Clallam,2012-2016,21,
53,Washington,53011,Clark,2012-2016,26,
53,Washington,53013,Columbia,2012-2016,22,
53,Washington,53015,Cowlitz,2012-2016,24,
53,Washington,53017,Douglas,2012-2016,19,
53,Washington,53019,Ferry,2012-2016,23,
53,Washington,53021,Franklin,2012-2016,21,
53,Washington,53023,Garfield,2012-2016,19,
53,Washington,53025,Grant,2012-2016,18,
53,Washington,53027,Grays Harbor,2012-2016,25,
53,Washington,53029,Island,2012-2016,29,
53,Washington,53031,Jefferson,2012-2016,23,
53,Washington,53033,King,2012-2016,29,
53,Washington,53035,Kitsap,2012-2016,30,
53,Washington,53037,Kittitas,2012-2016,21,
53,Washington,53039,Klickitat,2012-2016,24,
53,Washington,53041,Lewis,2012-2016,26,
53,Washington,53043,Lincoln,2012-2016,24,
53,Washington,53045,Mason,2012-2016,32,
53,Washington,53047,Okanogan,2012-2016,17,
53,Washington,53049,Pacific,2012-2016,20,
53,Washington,53051,Pend Oreille,2012-2016,30,
53,Washington,53053,Pierce,2012-2016,31,
53,Washington,53055,San Juan,2012-2016,14,
53,Washington,53057,Skagit,2012-2016,26,
53,Washington,53059,Skamania,2012-2016,30,
53,Washington,53061,Snohomish,2012-2016,31,
53,Washington,53063,Spokane,2012-2016,21,
53,Washington,53065,Stevens,2012-2016,27,
53,Washington,53067,Thurston,2012-2016,25,
53,Washington,53069,Wahkiakum,2012-2016,30,
53,Washington,53071,Walla Walla,2012-2016,15,
53,Washington,53073,Whatcom,2012-2016,21,
53,Washington,53075,Whitman,2012-2016,15,
53,Washington,53077,Yakima,2012-2016,19,
54,West Virginia,54001,Barbour,2012-2016,30,
54,West Virginia,54003,Berkeley,2012-2016,31,
54,West Virginia,54005,Boone,2012-2016,32,
54,West Virginia,54007,Braxton,2012-2016,30,
54,West Virginia,54009,Brooke,2012-2016,26,
54,West Virginia,54011,Cabell,2012-2016,21,
54,West Virginia,54013,Calhoun,2012-2016,32,
54,West Virginia,54015,Clay,2012-2016,45,
54,West Virginia,54017,Doddridge,2012-2016,36,
54,West Virginia,54019,Fayette,2012-2016,28,
54,West Virginia,54021,Gilmer,2012-2016,30,
54,West Virginia,54023,Grant,2012-2016,28,
54,West Virginia,54025,Greenbrier,2012-2016,25,
54,West Virginia,54027,Hampshire,2012-2016,36,
54,West Virginia,54029,Hancock,2012-2016,24,
54,West Virginia,54031,Hardy,2012-2016,25,
54,West Virginia,54033,Harrison,2012-2016,22,
54,West Virginia,54035,Jackson,2012-2016,30,
54,West Virginia,54037,Jefferson,2012-2016,38,
54,West Virginia,54039,Kanawha,2012-2016,21,
54,West Virginia,54041,Lewis,2012-2016,29,
54,West Virginia,54043,Lincoln,2012-2016,36,
54,West Virginia,54045,Logan,2012-2016,25,
54,West Virginia,54049,Marion,2012-2016,24,
54,West Virginia,54051,Marshall,2012-2016,24,
54,West Virginia,54053,Mason,2012-2016,32,
54,West Virginia,54047,McDowell,2012-2016,25,
54,West Virginia,54055,Mercer,2012-2016,21,
54,West Virginia,54057,Mineral,2012-2016,28,
54,West Virginia,54059,Mingo,2012-2016,29,
54,West Virginia,54061,Monongalia,2012-2016,21,
54,West Virginia,54063,Monroe,2012-2016,32,
54,West Virginia,54065,Morgan,2012-2016,33,
54,West Virginia,54067,Nicholas,2012-2016,27,
54,West Virginia,54069,Ohio,2012-2016,20,
54,West Virginia,54071,Pendleton,2012-2016,30,
54,West Virginia,54073,Pleasants,2012-2016,27,
54,West Virginia,54075,Pocahontas,2012-2016,29,
54,West Virginia,54077,Preston,2012-2016,30,
54,West Virginia,54079,Putnam,2012-2016,25,
54,West Virginia,54081,Raleigh,2012-2016,24,
54,West Virginia,54083,Randolph,2012-2016,21,
54,West Virginia,54085,Ritchie,2012-2016,25,
54,West Virginia,54087,Roane,2012-2016,31,
54,West Virginia,54089,Summers,2012-2016,29,
54,West Virginia,54091,Taylor,2012-2016,30,
54,West Virginia,54093,Tucker,2012-2016,28,
54,West Virginia,54095,Tyler,2012-2016,28,
54,West Virginia,54097,Upshur,2012-2016,26,
54,West Virginia,54099,Wayne,2012-2016,27,
54,West Virginia,54101,Webster,2012-2016,27,
54,West Virginia,54103,Wetzel,2012-2016,28,
54,West Virginia,54105,Wirt,2012-2016,32,
54,West Virginia,54107,Wood,2012-2016,20,
54,West Virginia,54109,Wyoming,2012-2016,32,
55,Wisconsin,55001,Adams,2012-2016,29,
55,Wisconsin,55003,Ashland,2012-2016,17,
55,Wisconsin,55005,Barron,2012-2016,20,
55,Wisconsin,55007,Bayfield,2012-2016,24,
55,Wisconsin,55009,Brown,2012-2016,19,
55,Wisconsin,55011,Buffalo,2012-2016,25,
55,Wisconsin,55013,Burnett,2012-2016,27,
55,Wisconsin,55015,Calumet,2012-2016,20,
55,Wisconsin,55017,Chippewa,2012-2016,22,
55,Wisconsin,55019,Clark,2012-2016,21,
55,Wisconsin,55021,Columbia,2012-2016,25,
55,Wisconsin,55023,Crawford,2012-2016,23,
55,Wisconsin,55025,Dane,2012-2016,21,
55,Wisconsin,55027,Dodge,2012-2016,23,
55,Wisconsin,55029,Door,2012-2016,18,
55,Wisconsin,55031,Douglas,2012-2016,22,
55,Wisconsin,55033,Dunn,2012-2016,23,
55,Wisconsin,55035,Eau Claire,2012-2016,18,
55,Wisconsin,55037,Florence,2012-2016,19,
55,Wisconsin,55039,Fond du Lac,2012-2016,20,
55,Wisconsin,55041,Forest,2012-2016,21,
55,Wisconsin,55043,Grant,2012-2016,20,
55,Wisconsin,55045,Green,2012-2016,23,
55,Wisconsin,55047,Green Lake,2012-2016,24,
55,Wisconsin,55049,Iowa,2012-2016,26,
55,Wisconsin,55051,Iron,2012-2016,22,
55,Wisconsin,55053,Jackson,2012-2016,22,
55,Wisconsin,55055,Jefferson,2012-2016,23,
55,Wisconsin,55057,Juneau,2012-2016,24,
55,Wisconsin,55059,Kenosha,2012-2016,26,
55,Wisconsin,55061,Kewaunee,2012-2016,23,
55,Wisconsin,55063,La Crosse,2012-2016,18,
55,Wisconsin,55065,Lafayette,2012-2016,25,
55,Wisconsin,55067,Langlade,2012-2016,21,
55,Wisconsin,55069,Lincoln,2012-2016,23,
55,Wisconsin,55071,Manitowoc,2012-2016,19,
55,Wisconsin,55073,Marathon,2012-2016,20,
55,Wisconsin,55075,Marinette,2012-2016,20,
55,Wisconsin,55077,Marquette,2012-2016,29,
55,Wisconsin,55078,Menominee,2012-2016,16,
55,Wisconsin,55079,Milwaukee,2012-2016,22,
55,Wisconsin,55081,Monroe,2012-2016,20,
55,Wisconsin,55083,Oconto,2012-2016,27,
55,Wisconsin,55085,Oneida,2012-2016,20,
55,Wisconsin,55087,Outagamie,2012-2016,20,
55,Wisconsin,55089,Ozaukee,2012-2016,24,
55,Wisconsin,55091,Pepin,2012-2016,25,
55,Wisconsin,55093,Pierce,2012-2016,27,
55,Wisconsin,55095,Polk,2012-2016,29,
55,Wisconsin,55097,Portage,2012-2016,19,
55,Wisconsin,55099,Price,2012-2016,20,
55,Wisconsin,55101,Racine,2012-2016,24,
55,Wisconsin,55103,Richland,2012-2016,25,
55,Wisconsin,55105,Rock,2012-2016,23,
55,Wisconsin,55107,Rusk,2012-2016,22,
55,Wisconsin,55111,Sauk,2012-2016,21,
55,Wisconsin,55113,Sawyer,2012-2016,20,
55,Wisconsin,55115,Shawano,2012-2016,23,
55,Wisconsin,55117,Sheboygan,2012-2016,18,
55,Wisconsin,55109,St. Croix,2012-2016,28,
55,Wisconsin,55119,Taylor,2012-2016,22,
55,Wisconsin,55121,Trempealeau,2012-2016,22,
55,Wisconsin,55123,Vernon,2012-2016,24,
55,Wisconsin,55125,Vilas,2012-2016,19,
55,Wisconsin,55127,Walworth,2012-2016,24,
55,Wisconsin,55129,Washburn,2012-2016,22,
55,Wisconsin,55131,Washington,2012-2016,24,
55,Wisconsin,55133,Waukesha,2012-2016,24,
55,Wisconsin,55135,Waupaca,2012-2016,23,
55,Wisconsin,55137,Waushara,2012-2016,26,
55,Wisconsin,55139,Winnebago,2012-2016,19,
55,Wisconsin,55141,Wood,2012-2016,19,
56,Wyoming,56001,Albany,2012-2016,13,
56,Wyoming,56003,Big Horn,2012-2016,17,
56,Wyoming,56005,Campbell,2012-2016,20,
56,Wyoming,56007,Carbon,2012-2016,17,
56,Wyoming,56009,Converse,2012-2016,24,
56,Wyoming,56011,Crook,2012-2016,28,
56,Wyoming,56013,Fremont,2012-2016,19,
56,Wyoming,56015,Goshen,2012-2016,19,
56,Wyoming,56017,Hot Springs,2012-2016,17,
56,Wyoming,56019,Johnson,2012-2016,25,
56,Wyoming,56021,Laramie,2012-2016,16,
56,Wyoming,56023,Lincoln,2012-2016,28,
56,Wyoming,56025,Natrona,2012-2016,17,
56,Wyoming,56027,Niobrara,2012-2016,14,
56,Wyoming,56029,Park,2012-2016,17,
56,Wyoming,56031,Platte,2012-2016,19,
56,Wyoming,56033,Sheridan,2012-2016,17,
56,Wyoming,56035,Sublette,2012-2016,20,
56,Wyoming,56037,Sweetwater,2012-2016,21,
56,Wyoming,56039,Teton,2012-2016,14,
56,Wyoming,56041,Uinta,2012-2016,20,
56,Wyoming,56043,Washakie,2012-2016,13,
56,Wyoming,56045,Weston,2012-2016,26,
